# -------------------------- LINEARLY SEPARABLE DATA -------------------------- #

param m := 1400;
param m_test := 600;
param n := 4;
param nu := 2;

param A_train: 1 2 3 4 :=
1	0.356	0.336	0.431	0.783
2	0.65	0.172	0.743	0.633
3	0.564	0.066	0.91	0.449
4	0.481	0.593	0.475	0.055
5	0.798	0.15	0.19	0.098
6	0.115	0.885	0.843	0.59
7	0.73	0.947	0.386	0.161
8	0.045	0.811	0.901	0.788
9	0.371	0.352	0.51	0.281
10	0.056	0.762	0.394	0.532
11	0.83	0.33	0.967	0.019
12	0.334	0.134	0.313	0.176
13	0.363	0.906	0.671	0.749
14	0.4	0.794	0.879	0.301
15	0.323	0.672	0.933	0.834
16	0.734	0.89	0.714	0.128
17	0.532	0.958	0.751	0.499
18	0.179	0.833	0.111	0.492
19	0.836	0.854	0.915	0.506
20	0.983	0.906	0.397	0.862
21	0.979	0.185	0.879	0.912
22	0.831	0.646	0.909	0.546
23	0.33	0.077	0.733	0.082
24	0.71	0.261	0.409	0.822
25	0.418	0.657	0.607	0.333
26	0.21	0.316	0.069	0.607
27	0.277	0.585	0.363	0.156
28	0.382	0.987	0.144	0.29
29	0.919	0.621	0.61	0.652
30	0.187	0.362	0.963	0.596
31	0.716	0.014	0.841	0.322
32	0.004	0.532	0.663	0.073
33	0.841	0.35	0.724	0.204
34	0.222	0.586	0.493	0.366
35	0.025	0.285	0.497	0.635
36	0.199	0.822	0.299	0.162
37	0.482	0.878	0.432	0.323
38	0.779	0.327	0.732	0.442
39	0.871	0.284	0.75	0.595
40	0.256	0.816	0.074	0.748
41	0.95	0.774	0.467	0.447
42	0.404	0.646	0.231	0.702
43	0.649	0.184	0.687	0.081
44	0.887	0.86	0.834	0.619
45	0.234	0.49	0.586	0.984
46	0.074	0.24	0.901	0.149
47	0.084	0.099	0.762	0.551
48	0.171	0.955	0.193	0.402
49	0.002	0.052	0.841	0.689
50	0.348	0.576	0.992	0.182
51	0.295	0.416	0.686	0.881
52	0.771	0.955	0.64	0.672
53	0.629	0.756	0.203	0.391
54	0.75	0.562	0.261	0.943
55	0.918	0.944	0.016	0.76
56	0.149	0.108	0.209	0.141
57	0.404	0.436	0.706	0.09
58	0.106	0.86	0.272	0.747
59	0.377	0.375	0.288	0.58
60	0.595	0.33	0.328	0.856
61	0.292	0.775	0.217	0.308
62	0.85	0.456	0.642	0.059
63	0.933	0.463	0.033	0.639
64	0.35	0.746	0.413	0.622
65	0.945	0.999	0.867	0.233
66	0.633	0.828	0.909	0.961
67	0.181	0.253	0.459	0.398
68	0.993	0.248	0.017	0.636
69	0.614	0.568	0.769	0.647
70	0.321	0.998	0.953	0.734
71	0.445	0.679	0.619	0.313
72	0.198	0.946	0.74	0.106
73	0.424	0.287	0.159	0.883
74	0.719	0.876	0.933	0.736
75	0.239	0.35	0.08	0.008
76	0.288	0.329	0.995	0.241
77	0.615	0.686	0.743	0.234
78	0.655	0.432	0.945	0.395
79	0.852	0.819	0.826	0.011
80	0.511	0.73	0.578	0.444
81	0.089	0.683	0.816	0.17
82	0.814	0.457	0.02	0.809
83	0.084	0.425	0.385	0.826
84	0.384	0.481	0.091	0.329
85	0.629	0.181	0.694	0.455
86	0.396	0.966	0.921	0.974
87	0.387	0.063	0.093	0.204
88	0.784	0.018	0.69	0.804
89	0.388	0.888	0.252	0.773
90	0.911	0.157	0.195	0.002
91	0.071	0.631	0.667	0.765
92	0.858	0.161	0.053	0.779
93	0.463	0.166	0.198	0.556
94	0.431	0.34	0.388	0.121
95	0.215	0.509	0.031	0.467
96	0.745	0.378	0.44	0.941
97	0.926	0.011	0.01	0.593
98	0.097	0.451	0.937	0.15
99	0.072	0.613	0.396	0.27
100	0.766	0.701	0.509	0.155
101	0.652	0.37	0.331	0.684
102	0.614	0.429	0.215	0.054
103	0.594	0.98	0.381	0.605
104	0.157	0.702	0.023	0.095
105	0.253	0.167	0.464	0.649
106	0.633	0.416	0.138	0.142
107	0.96	0.794	0.94	0.291
108	0.777	0.905	0.908	0.992
109	0.278	0.586	0.939	0.659
110	0.511	0.816	0.893	0.534
111	0.744	0.787	0.078	0.209
112	0.515	0.842	0.852	0.653
113	0.422	0.613	0.778	0.362
114	0.256	0.139	0.809	0.164
115	0.768	0.441	0.718	0.707
116	0.909	0.218	0.916	0.802
117	0.827	0.546	0.539	0.905
118	0.976	0.419	0.597	0.828
119	0.58	0.25	0.685	0.358
120	0.589	0.614	0.751	0.398
121	0.882	0.166	0.22	0.6
122	0.32	0.509	0.09	0.236
123	0.842	0.063	0.857	0.382
124	0.612	0.357	0.387	0.209
125	0.459	0.789	0.434	0.144
126	0.046	0.733	0.762	0.797
127	0.54	0.68	0.297	0.76
128	0.169	0.079	0.789	0.26
129	0.1	0.102	0.378	0.957
130	0.346	0.569	0.841	0.732
131	0.026	0.192	0.567	0.46
132	0.714	0.507	0.069	0.476
133	0.2	0.016	0.983	0.497
134	0.263	0.666	0.855	0.052
135	0.17	0.152	0.028	0.548
136	0.512	0.894	0.679	0.353
137	0.457	0.379	0.818	0.024
138	0.154	0.738	0.346	0.223
139	0.65	0.423	0.23	0.633
140	0.005	0.896	0.586	0.86
141	0.512	0.031	0.1	0.541
142	0.21	0.052	0.473	0.889
143	0.1	0.345	0.785	0.918
144	0.624	0.072	0.108	0.97
145	0.322	0.619	0.719	0.552
146	0.639	0.557	0.149	0.225
147	0.097	0.738	0.448	0.198
148	0.028	0.407	0.331	0.501
149	0.736	0.601	0.641	0.521
150	0.011	0.145	0.59	0.118
151	0.886	0.44	0.734	0.604
152	0.986	0.243	0.549	0.135
153	0.967	0.232	0.205	0.415
154	0.484	0.443	0.837	0.814
155	0.133	0.55	0.544	0.774
156	0.063	0.785	0.215	0.653
157	0.33	0.539	0.344	0.064
158	0.336	0.05	0.386	0.885
159	0.854	0.852	0.417	0.059
160	0.847	0.543	0.71	0.684
161	0.654	0.816	0.907	0.198
162	0.978	0.261	0.376	0.193
163	0.279	0.523	0.452	0.623
164	0.595	0.959	0.637	0.981
165	0.821	0.834	0.696	0.238
166	0.962	0.085	0.436	0.672
167	0.792	0.326	0.585	0.699
168	0.176	0.677	0.785	0.551
169	0.699	0.831	0.393	0.151
170	0.98	0.746	0.413	0.616
171	0.257	0.438	0.561	0.952
172	0.454	0.915	0.761	0.889
173	0.529	0.682	0.913	0.114
174	0.437	0.289	0.058	0.222
175	0.928	0.92	0.671	0.321
176	0.125	0.301	0.817	0.538
177	0.544	0.795	0.355	0.104
178	0.03	0.558	0.661	0.791
179	0.248	0.32	0.129	0.161
180	0.51	0.598	0.724	0.568
181	0.564	0.496	0.74	0.236
182	0.811	0.361	0.117	0.628
183	0.034	0.172	0.693	0.389
184	0.44	0.419	0.834	0.101
185	0.281	0.349	0.53	0.41
186	0.965	0.92	0.108	0.688
187	0.928	0.252	0.984	0.668
188	0.8	0.479	0.849	0.917
189	0.748	0.951	0.279	0.441
190	0.555	0.881	0.759	0.389
191	0.969	0.67	0.332	0.499
192	0.842	0.464	0.001	0.951
193	0.489	0.879	0.404	0.473
194	0.892	0.273	0.026	0.741
195	0.134	0.489	0.141	0.413
196	0.481	0.968	0.811	0.24
197	0.794	0.209	0.028	0.126
198	0.109	0.968	0.172	0.11
199	0.323	0.6	0.798	0.728
200	0.345	0.62	0.346	0.371
201	0.536	0.505	0.85	0.677
202	0.78	0.158	0.886	0.592
203	0.244	0.386	0.607	0.272
204	0.315	0.38	0.48	0.486
205	0.399	0.81	0.09	0.197
206	0.163	0.542	0.157	0.509
207	0.518	0.045	0.418	0.368
208	0.336	0.148	0.88	0.222
209	0.279	0.466	0.126	0.886
210	0.637	0.2	0.118	0.117
211	0.608	0.516	0.497	0.699
212	0.034	0.862	0.255	0.191
213	0.168	0.71	0.415	0.586
214	0.137	0.922	0.226	0.017
215	0.966	0.296	0.609	0.092
216	0.346	0.729	0.382	0.464
217	0.069	0.072	0.363	0.566
218	0.076	0.6	0.633	0.331
219	0.003	0.499	0.501	0.418
220	0.578	0.555	0.006	0.805
221	0.15	0.771	0.868	0.759
222	0.05	0.106	0.592	0.432
223	0.438	0.501	0.642	0.801
224	0.413	0.877	0.666	0.046
225	0.457	0.049	0.706	0.957
226	0.791	0.536	0.021	0.797
227	0.593	0.947	0.111	0.461
228	0.974	0.511	0.812	0.566
229	0.382	0.004	0.444	0.024
230	0.511	0.438	0.682	0.177
231	0.889	0.634	0.532	0.595
232	0.999	0.386	0.127	0.02
233	0.468	0.613	0.131	0.579
234	0.837	0.553	0.586	0.649
235	0.529	0.031	0.123	0.973
236	0.928	0.484	0.493	0.61
237	0.977	0.499	0.295	0.509
238	0.886	0.507	0.48	0.013
239	0.664	0.48	0.14	0.795
240	0.214	0.632	0.613	0.799
241	0.732	0.328	0.313	0.855
242	0.368	0.784	0.786	0.861
243	0.447	0.838	0.892	0.741
244	0.987	0.627	0.854	0.467
245	0.381	0.131	0.12	0.521
246	0.18	0.734	0.557	0.792
247	0.838	0.524	0.862	0.151
248	0.164	0.519	0.163	0.95
249	0.557	0.397	0.218	0.45
250	0.565	0.436	0.765	0.419
251	0.405	0.799	0.034	0.525
252	0.959	0.705	0.054	0.516
253	0.588	0.355	0.022	0.451
254	0.402	0.615	0.025	0.565
255	0.405	0.122	0.962	0.623
256	0.1	0.188	0.008	0.866
257	0.911	0.271	0.406	0.945
258	0.726	0.904	0.501	0.78
259	0.998	0.369	0.775	0.02
260	0.281	0.422	0.435	0.306
261	0	0.711	0.11	0.962
262	0.681	0.062	0.522	0.689
263	0.128	0.6	0.199	0.534
264	0.994	0.26	0.449	0.495
265	0.869	0.494	0.409	0.645
266	0.229	0.926	0.936	0.663
267	0.924	0.663	0.942	0.033
268	0.276	0.714	0.688	0.798
269	0.616	0.926	0.004	0.815
270	0.549	0.809	0.72	0.998
271	0.76	0.868	0.798	0.169
272	0.313	0.397	0.438	0.249
273	0.669	0.173	0.724	0.611
274	0.349	0.887	0.92	0.037
275	0.324	0.654	0.611	0.328
276	0.07	0.877	0.277	0.79
277	0.582	0.55	0.742	0.38
278	0.255	0.693	0.115	0.692
279	0.176	0.361	0.115	0.9
280	0.32	0.249	0.86	0.24
281	0.545	0.564	0.94	0.155
282	0.408	0.226	0.768	0.686
283	0.643	0.268	0.565	0.386
284	0.284	0.64	0.341	0.399
285	0.283	0.575	0.694	0.398
286	0.667	0.718	0.723	0.527
287	0.01	0.071	0.522	0.95
288	0.413	0.358	0.453	0.182
289	0.468	0.825	0.311	0.034
290	0.959	0.318	0.851	0.3
291	0.183	0.583	0.291	0.878
292	0.765	0.544	0.699	0.488
293	0.656	0.498	0.142	0.178
294	0.369	0.591	0.805	0.821
295	0.848	0.29	0.598	0.16
296	0.808	0.119	0.641	0.659
297	0.357	0.842	0.002	0.648
298	0.983	0.413	0.264	0.681
299	0.335	0.338	0.399	0.477
300	0.847	0.845	0.108	0.652
301	0.881	0.5	0.956	0.478
302	0.28	0.286	0.778	0.921
303	0.197	0.279	0.787	0.199
304	0.507	0.182	0.34	0.771
305	0.242	0.106	0.201	0.641
306	0.717	0.488	0.428	0.825
307	0.095	0.706	0.64	0.051
308	0.3	0.331	0.47	0.078
309	0.416	0.275	0.531	0.203
310	0.458	0.71	0.656	0.798
311	0.52	0.04	0.586	0.721
312	0.169	0.439	0.17	0.596
313	0.31	0.691	0.969	0.949
314	0.153	0.249	0.073	0.624
315	0.325	0.039	0.602	0.856
316	0.076	0.313	0.952	0.733
317	0.432	0.253	0.151	0.018
318	0.833	0.187	0.413	0.003
319	0.677	0.312	0.474	0.646
320	0.216	0.799	0.511	0.289
321	0.838	0.615	0.462	0.44
322	0.704	0.516	0.783	0.655
323	0.895	0.087	0.501	0.046
324	0.475	0.879	0.292	0.888
325	0.076	0.565	0.195	0.55
326	0.457	0.766	0.011	0.968
327	0.434	0.805	0.67	0.896
328	0.14	0.599	0.761	0.924
329	0.009	0.818	0.342	0.51
330	0.448	0.986	0.744	0.74
331	0.626	0.816	0.44	0.821
332	0.651	0.278	0.132	0.662
333	0.187	0.095	0.051	0.857
334	0.295	0.998	0.59	0.056
335	0.845	0.065	0.74	0.187
336	0.605	0.635	0.561	0.349
337	0.436	0.975	0.19	0.875
338	0.555	0.526	0.074	0.687
339	0.32	0.874	0.283	0.371
340	0.274	0.666	0.73	0.865
341	0.651	0.71	0.787	0.391
342	0.362	0.996	0.531	0.924
343	0.906	0.359	0.32	0.096
344	0.116	0.651	0.76	0.191
345	0.948	0.511	0.213	0.232
346	0.944	0.506	0.547	0.674
347	0.269	0.325	0.081	0.056
348	0.977	0.418	0.712	0.509
349	0.056	0.415	0.701	0.376
350	0.935	0.493	0.162	0.695
351	0.501	0.644	0.194	0.713
352	0.075	0.658	0.381	0.622
353	0.752	0.891	0.657	0.833
354	0.373	0.81	0.365	0.084
355	0.707	0.141	0.734	0.407
356	0.244	0.342	0.01	0.407
357	0.694	0.907	0.681	0.888
358	0.557	0.963	0.278	0.938
359	0.609	0.69	0.477	0.266
360	0.424	0.639	0.333	0.789
361	0.652	0.496	0.864	0.386
362	0.381	0.63	0.246	0.391
363	0.283	0.085	0.944	0.965
364	0.564	0.521	0.936	0.842
365	0.521	0.451	0.15	0.998
366	0.672	0.422	0.356	0.005
367	0.079	0.657	0.707	0.943
368	0.61	0.324	0.673	0.856
369	0.71	0.139	0.8	0.653
370	0.773	0.217	0.625	0.708
371	0.085	0.23	0.51	0.235
372	0.227	0.907	0.65	0.583
373	0.861	0.662	0.57	0.567
374	0.613	0.177	0.929	0.286
375	0.644	0.996	0.172	0.445
376	0.276	0.217	0.866	0.902
377	0.925	0.987	0.156	0.435
378	0.383	0.663	0.128	0.033
379	0.041	0.893	0.908	0.611
380	0.513	0.224	0.638	0.442
381	0.671	0.087	0.505	0.843
382	0.154	0.12	0.749	0.02
383	0.675	0.946	0.008	0.83
384	0.229	0.214	0.044	0.358
385	0.29	0.399	0.14	0.198
386	0.6	0.712	0.233	0.238
387	0.742	0.909	0.241	0.248
388	0.772	0.402	0.872	0.521
389	0.893	0.196	0.368	0.901
390	0.749	0.131	0.24	0.793
391	0.486	0.083	0.887	0.626
392	0.896	0.226	0.993	0.129
393	0.147	0.872	0.373	0.388
394	0.126	0.16	0.521	0.998
395	0.943	0.891	0.877	0.311
396	0.904	0.06	0.924	0.143
397	0.412	0.63	0.935	0.299
398	0.216	0.195	0.481	0.209
399	0.946	0.356	0.196	0.319
400	0.315	0.445	0.903	0.836
401	0.585	0.78	0.335	0.462
402	0.127	0.366	0.151	0.051
403	0.004	0.463	0.139	0.939
404	0.394	0.155	0.958	0.876
405	0.282	0.821	0.719	0.478
406	0.463	0.793	0.585	0.366
407	0.029	0.951	0.409	0.363
408	0.501	0.491	0.779	0.652
409	0.288	0.655	0.005	0.427
410	0.767	0.821	0.749	0.725
411	0.113	0.007	0.518	0.832
412	0.658	0.295	0.278	0.244
413	0.908	0.272	0.612	0.317
414	0.025	0.818	0.126	0.804
415	0.668	0.092	0.125	0.673
416	0.719	0.44	0.341	0.468
417	0.037	0.581	0.172	0.555
418	0.657	0.213	0.709	0.935
419	0.37	0.843	0.729	0.982
420	0.364	0.007	0.978	0.49
421	0.448	0.158	0.903	0.572
422	0.423	0.292	0.27	0.763
423	0.435	0.8	0.341	0.607
424	0.755	0.265	0.569	0.464
425	0.026	0.834	0.043	0.755
426	0.204	0.119	0.822	0.182
427	0.633	0.63	0.767	0.536
428	0.598	0.959	0.493	0.868
429	0.253	0.303	0.522	0.595
430	0.878	0.35	0.175	0.447
431	0.375	0.473	0.648	0.418
432	0.463	0.622	0.347	0.285
433	0.957	0.917	0.434	0.724
434	0.636	0.322	0.412	0.129
435	0.134	0.382	0.494	0.656
436	0.404	0.534	0.328	0.579
437	0.142	0.955	0.454	0.789
438	0.681	0.252	0.995	0.029
439	0.799	0.986	0.454	0.233
440	0.908	0.869	0.033	0.32
441	0.223	0.454	0.38	0.717
442	0.357	0.121	0.644	0.685
443	0.625	0.827	0.655	0.079
444	0.028	0.76	0.868	0.023
445	0.405	0.823	0.774	0.859
446	0.485	0.766	0.925	0.517
447	0.922	0.74	0.54	0.302
448	0.65	0.66	0.578	0.294
449	0.278	0.919	0.171	0.933
450	0.787	0.961	0.757	0.655
451	0.546	0.06	0.807	0.321
452	0.863	0.805	0.685	0.788
453	0.771	0.71	0.063	0.311
454	0.519	0.961	0.673	0.097
455	0.017	0.375	0.173	0.189
456	0.17	0.976	0.269	0.928
457	0.254	0.474	0.691	0.061
458	0.609	0.925	0.6	0.294
459	0.922	0.065	0.423	0.985
460	0.436	0.504	0.336	0.108
461	0.591	0.126	0.976	0.764
462	0.285	0.934	0.29	0.554
463	0.921	0.808	0.336	0.611
464	0.13	0.22	0.794	0.729
465	0.506	0.652	0.579	0.93
466	0.955	0.366	0.14	0.292
467	0.742	0.882	0.6	0.718
468	0.914	0.003	0.581	0.204
469	0.443	0.125	0.364	0.778
470	0.233	0.908	0.957	0.027
471	0.471	0.534	0.289	0.051
472	0.926	0.006	0.829	0.066
473	0.303	0.808	0.18	0.903
474	0.826	0.817	0.529	0.406
475	0.086	0.849	0.146	0.45
476	0.883	0.683	0.536	0.84
477	0.173	0.311	0.244	0.463
478	0.707	0.388	0.367	0.536
479	0.664	0.839	0.262	0.844
480	0.788	0.67	0.559	0.317
481	0.58	0.402	0.925	0.727
482	0.553	0.61	0.535	0.088
483	0.246	0.262	0.76	0.49
484	0.122	0.197	0.112	0.489
485	0.566	0.154	0.572	0.828
486	0.314	0.616	0.668	0.873
487	0.744	0.453	0.335	0.669
488	0.187	0.222	0.789	0.722
489	0.239	0.968	0.572	0.999
490	0.296	0.121	0.655	0.408
491	0.388	0.974	0.764	0.96
492	0.762	0.275	0.418	0.429
493	0.35	0.173	0.601	0.685
494	0.781	0.872	0.065	0.57
495	0.375	0.809	0.562	0.947
496	0.02	0.243	0.929	0.675
497	0.539	0.063	0.626	0.303
498	0.428	0.065	0.299	0.845
499	0.446	0.196	0.667	0.047
500	0.51	0.829	0.752	0.575
501	0.346	0.95	0.208	0.908
502	0.016	0.928	0.141	0.946
503	0.793	0.485	0.667	0.418
504	0.691	0.846	0.853	0.99
505	0.347	0.436	0.887	0.015
506	0.768	0.525	0.312	0.52
507	0.711	0.866	0.05	0.919
508	0.948	0.936	0.702	0.089
509	0.306	0.882	0.367	0.973
510	0.155	0.664	0.147	0.009
511	0.838	0.356	0.09	0.725
512	0.573	0.493	0.896	0.885
513	0.996	0.596	0.879	0.046
514	0.653	0.994	0.451	0.356
515	0.333	0.662	0.966	0.699
516	0.266	0.855	0.299	0.413
517	0.952	0.251	0.219	0.042
518	0.59	0.615	0.469	0.486
519	0.482	0.481	0.097	0.361
520	0.612	0.014	0.521	0.063
521	0.605	0.396	0.031	0.571
522	0.666	0.837	0.95	0.965
523	0.813	0.917	0.5	0.033
524	0.476	0.623	0.574	0.945
525	0.075	0.427	0.59	0.171
526	0.117	0.784	0.803	0.638
527	0.173	0.243	0.243	0.204
528	0.339	0.87	0.65	0.289
529	0.899	0.103	0.752	0.399
530	0.711	0.875	0.758	0.285
531	0.866	0.359	0.247	0.456
532	0.036	0.572	0.314	0.839
533	0.162	0.012	0.454	0.405
534	0.268	0.744	0.087	0.918
535	0.922	0.817	0.135	0.674
536	0.27	0.384	0.091	0.028
537	0.911	0.894	0.029	0.158
538	0.559	0.194	0.922	0.874
539	0.133	0.035	0.046	0.587
540	0.262	0.854	0.184	0.349
541	0.216	0.271	0.59	0.351
542	0.806	0.622	0.329	0.897
543	0.999	0.808	0.544	0.027
544	0.894	0.587	0.161	0.816
545	0.195	0.949	0.496	0.241
546	0.936	0.503	0.391	0.119
547	0.163	0.336	0.124	0.753
548	0.069	0.559	0.309	0.398
549	0.959	0.397	0.264	0.503
550	0.231	0.398	0.01	0.392
551	0.471	0.586	0.163	0.967
552	0.7	0.902	0.33	0.09
553	0.182	0.253	0.358	0.306
554	0.045	0.375	0.564	0.354
555	0.02	0.313	0.169	0.284
556	0.593	0.514	0.214	0.604
557	0.428	0.074	0.493	0.592
558	0.32	0.291	0.943	0.65
559	0.965	0.832	0.635	0.323
560	0.64	0.368	0.513	0.205
561	0.286	0.225	0.035	0.455
562	0.852	0.048	0.023	0.066
563	0.929	0.494	0.726	0.421
564	0.767	0.741	0.377	0.71
565	0.759	0.676	0.223	0.394
566	0.361	0.034	0.367	0.874
567	0.089	0.16	0.463	0.125
568	0.971	0.977	0.663	0.994
569	0.315	0.923	0.537	0.041
570	0.623	0.808	0.085	0.001
571	0.476	0.76	0.194	0.699
572	0.193	0.06	0.187	0.56
573	0.426	0.65	0.094	0.889
574	0.709	0.86	0.751	0.372
575	0.794	0.687	0.777	0.331
576	0.122	0.955	0.536	0.207
577	0.055	0.682	0.715	0.249
578	0.869	0.442	0.441	0.056
579	0.375	0.482	0.652	0.469
580	0.427	0.178	0.231	0.178
581	0.086	0.972	0.238	0.863
582	0.966	0.985	0.258	0.503
583	0.214	0.557	0.874	0.929
584	0.254	0.798	0.248	0.695
585	0.251	0.07	0.336	0.903
586	0.706	0.33	0.718	0.938
587	0.268	0.023	0.48	0.506
588	0.783	0.473	0.871	0.041
589	0.062	0.255	0.533	0.936
590	0.339	0.19	0.982	0.587
591	0.836	0.838	0.956	0.172
592	0.495	0.878	0.072	0.213
593	0.58	0.481	0.839	0.059
594	0.725	0.842	0.46	0.596
595	0.435	0.658	0.139	0.968
596	0.323	0.307	0.785	0.305
597	0.67	0.141	0.732	0.626
598	0.474	0.121	0.191	0.546
599	0.006	0.125	0.814	0.845
600	0.801	0.57	0.027	0.261
601	0.911	0.697	0.825	0.049
602	0.419	0.372	0.972	0.204
603	0.866	0.874	0.819	0.598
604	0.132	0.072	0.621	0.322
605	0.954	0.329	0.743	0.768
606	0.927	0.57	0.744	0.954
607	0.911	0.865	0.528	0.736
608	0.193	0.155	0.286	0.164
609	0.964	0.03	0.233	0.782
610	0.733	0.914	0.7	0.354
611	0.317	0.308	0.565	0.06
612	0.739	0.987	0.646	0.484
613	0.477	0.395	0.806	0.005
614	0.72	0.198	0.286	0.006
615	0.645	0.969	0.392	0.878
616	0.02	0.611	0.665	0.72
617	0.902	0.037	0.273	0.467
618	0.349	0.206	0.085	0.995
619	0.026	0.472	0.084	0.832
620	0.215	0.552	0.675	0.501
621	0.037	0.146	0.527	0.429
622	0.279	0.449	0.635	0.944
623	0.6	0.845	0.207	0.873
624	0.304	0.222	0.518	0.389
625	0.207	0.415	0.69	0.292
626	0.168	0.506	0.799	0.843
627	0.357	0.88	0.153	0.883
628	0.176	0.162	0.758	0.811
629	0.927	0.411	0.951	0.134
630	0.263	0.438	0.507	0.781
631	0.724	0.989	0.242	0.415
632	0.49	0.582	0.787	0.289
633	0.794	0.645	0.305	0.946
634	0.614	0.123	0.691	0.372
635	0.797	0.3	0.345	0.748
636	0.629	0.011	0.872	0.136
637	0.699	0.861	0.781	0.941
638	0.061	0.431	0.857	0.848
639	0.282	0.642	0.365	0.587
640	0.893	0.201	0.711	0.584
641	0.645	0.38	0.872	0.99
642	0.306	0.619	0.14	0.178
643	0.932	0.877	0.616	0.714
644	0.891	0.775	0.249	0.748
645	0.969	0.03	0.265	0.333
646	0.852	0.227	0.817	0.563
647	0.39	0.207	0.191	0.262
648	0.319	0.568	0.816	0.459
649	0.572	0.392	0.623	0.188
650	0.441	0.079	0.88	0.69
651	0.503	0.659	0.857	0.768
652	0.474	0.62	0.219	0.291
653	0.03	0.681	0.391	0.221
654	0.588	0.54	0.511	0.404
655	0.257	0.976	0.391	0.88
656	0.497	0.321	0.243	0.377
657	0.069	0.88	0.67	0.926
658	0.663	0.4	0.269	0.882
659	0.452	0.912	0.372	0.843
660	0.315	0.431	0.673	0.826
661	0.672	0.084	0.812	0.064
662	0.976	0.56	0.285	0.218
663	0.296	0.288	0.817	0.967
664	0.466	0.629	0.614	0.735
665	0.305	0.187	0.423	0.677
666	0.556	0.992	0.46	0.229
667	0.296	0.901	0.902	0.107
668	0.866	0.083	0.525	0.151
669	0.462	0.447	0.589	0.279
670	0.803	0.745	0.043	0.417
671	0.554	0.722	0.666	0.978
672	0.696	0.534	0.39	0.156
673	0.209	0.452	0.664	0.11
674	0.629	0.976	0.642	0.154
675	0.943	0.616	0.574	0.532
676	0.987	0.334	0.64	0.03
677	0.12	0.584	0.473	0.787
678	0.872	0.482	0.095	0.262
679	0.858	0.471	0.09	0.522
680	0.649	0.15	0.558	0.291
681	0.684	0.233	0.92	0.258
682	0.815	0.245	0.099	0.455
683	0.851	0.575	0.86	0.324
684	0.422	0.196	0.844	0.517
685	0.482	0.375	0.929	0.573
686	0.511	0.221	0.047	0.068
687	0.351	0.753	0.745	0.271
688	0.51	0.086	0.256	0.61
689	0.532	0.46	0.116	0.392
690	0.477	0.814	0.98	0.321
691	0.439	0.803	0.707	0.368
692	0.603	0.879	0.597	0.651
693	0.109	0.002	0.7	0.855
694	0.711	0.365	0.359	0.967
695	0.899	0.499	0.435	0.015
696	0.219	0.492	0.705	0.2
697	0.036	0.639	0.616	0.742
698	0.992	0.346	0.885	0.589
699	0.832	0.698	0.999	0.532
700	0.272	0.243	0.918	0.631
701	0.893	0.53	0.708	0.328
702	0.599	0.548	0.037	0.304
703	0.85	0.339	0.386	0.466
704	0.392	0.458	0.428	0.278
705	0.424	0.11	0.745	0.423
706	0.299	0.695	0.885	0.217
707	0.094	0.11	0.856	0.803
708	0.401	0.402	0.985	0.438
709	0.733	0.288	0.045	0.118
710	0.126	0.511	0.212	0.554
711	0.259	0.978	0.899	0.004
712	0.541	0.303	0.096	0.425
713	0.422	0.52	0.629	0.278
714	0.067	0.679	0.724	0.052
715	0.429	0.785	0.406	0.474
716	0.16	0.6	0.414	0.371
717	0.203	0.63	0.132	0.101
718	0.534	0.642	0.937	0.63
719	0.456	0.051	0.587	0.085
720	0.909	0.152	0.008	0.633
721	0.126	0.062	0.989	0.531
722	0.892	0.691	0.137	0.306
723	0.291	0.508	0.692	0.423
724	0.327	0.957	0.252	0.264
725	0.319	0.72	0.638	0.906
726	0.967	0.815	0.958	0.975
727	0.162	0.101	0.511	0.151
728	0.047	0.042	0.322	0.184
729	0.384	0.474	0.856	0.077
730	0.466	0.404	0.855	0.717
731	0.441	0.036	0.387	0.079
732	0.193	0.046	0.757	0.15
733	0.206	0.312	0.121	0.717
734	0.753	0.764	0.505	0.075
735	0.853	0.459	0.422	0.709
736	0.319	0.175	0.94	0.174
737	0.607	0.615	0.929	0.994
738	0.871	0.187	0.739	0.629
739	0.76	0.835	0.649	0.881
740	0.112	0.633	0.315	0.617
741	0.262	0.47	0.168	0.684
742	0.704	0.003	0.355	0.643
743	0.247	0.25	0.791	0.176
744	0.485	0.047	0.431	0.224
745	0.768	0.984	0.511	0.417
746	0.062	0.529	0.498	0.377
747	0.206	0.639	0.616	0.374
748	0.795	0.078	0.325	0.15
749	0.502	0.397	0.971	0.293
750	0.216	0.778	0.62	0.646
751	0.296	0.414	0.986	0.807
752	0.851	0.869	0.361	0.349
753	0.507	0.555	0.884	0.122
754	0.207	0.917	0.007	0.532
755	0.729	0.034	0.464	0.7
756	0.037	0.915	0.105	0.657
757	0.108	0.953	0.976	0.094
758	0.808	0.945	0.629	0.169
759	0.874	0.675	0.849	0.758
760	0.779	0.965	0.715	0.786
761	0.782	0.514	0.531	0.246
762	0.858	0.282	0.13	0.963
763	0.692	0.071	0.893	0.668
764	0.653	0.476	0.11	0.281
765	0.404	0.156	0.32	0.253
766	0.118	0.032	0.879	0.833
767	0.376	0.615	0.332	0.907
768	0.547	0.765	0.143	0.676
769	0.082	0.368	0.8	0.975
770	0.965	0.628	0.513	0.076
771	0.158	0.48	0.065	0.478
772	0.978	0.596	0.765	0.857
773	0.583	0.234	0.043	0.915
774	0.903	0.461	0.905	0.046
775	0.634	0.128	0.506	0.433
776	0.543	0.399	0.73	0.056
777	0.639	0.213	0.954	0.704
778	0.687	0.682	0.287	0.452
779	0.715	0.034	0.773	0.757
780	0.914	0.66	0.411	0.819
781	0.549	0.453	0.834	0.055
782	0.936	0.598	0.285	0.667
783	0.759	0.306	0.867	0.713
784	0.558	0.4	0.692	0.845
785	0.231	0.559	0.886	0.005
786	0.835	0.918	0.977	0.246
787	0.683	0.794	0.19	0.517
788	0.076	0.453	0.447	0.36
789	0.1	0.119	0.426	0.967
790	0.435	0.524	0.232	0.127
791	0.084	0.358	0.928	0.97
792	0.245	0.805	0.281	0.223
793	0.018	0.906	0.845	0.208
794	0.695	0.284	0.876	0.142
795	0.995	0.242	0.763	0.421
796	0.596	0.856	0.733	0.828
797	0.102	0.912	0.341	0.03
798	0.704	0.276	0.687	0.985
799	0.738	0.003	0.404	0.583
800	0.826	0.278	0.495	0.702
801	0.139	0.697	0.661	0.902
802	0.87	0.498	0.974	0.602
803	0.957	0.704	0.238	0.298
804	0.119	0.002	0.01	0.806
805	0.509	0.544	0.99	0.913
806	0.201	0.739	0.405	0.696
807	0.825	0.834	0.139	0.486
808	0.257	0.355	0.234	0.231
809	0.56	0.188	0.662	0.797
810	0.397	0.917	0.488	0.407
811	0.475	0.916	0.267	0.465
812	0.394	0.666	0.568	0.8
813	0.009	0.624	0.196	0.148
814	0.932	0.405	0.465	0.166
815	0.423	0.726	0.824	0.085
816	0.311	0.482	0.44	0.799
817	0.163	0.274	0.806	0.431
818	0.635	0.825	0.406	0.203
819	0.768	0.212	0.249	0.964
820	0.359	0.896	0.764	0.824
821	0.4	0.247	0.788	0.225
822	0.311	0.535	0.815	0.751
823	0.705	0.914	0.608	0.51
824	0.348	0.145	0.17	0.754
825	0.794	0.522	0.56	0.043
826	0.92	0.402	0.382	0.684
827	0.444	0.085	0.474	0.232
828	0.806	0.543	0.844	0.621
829	0.179	0.326	0.208	0.787
830	0.553	0.135	0.981	0.723
831	0.329	0.517	0.412	0.889
832	0.899	0.809	0.962	0.281
833	0.189	0.725	0.577	0.662
834	0.887	0.469	0.501	0.731
835	0.795	0.91	0.416	0.003
836	0.252	0.556	0.832	0.234
837	0.722	0.563	0.795	0.134
838	0.356	0.032	0.261	0.318
839	0.754	0.506	0.039	0.331
840	0.997	0.218	0.638	0.497
841	0.728	0.292	0.859	0.143
842	0.556	0.396	0.851	0.388
843	0.129	0.11	0.192	0.924
844	0.645	0.28	0.276	0.906
845	0.59	0.66	0.104	0.629
846	0.273	0.625	0.209	0.911
847	0.158	0.638	0.415	0.017
848	0.71	0.573	0.177	0.56
849	0.807	0.69	0.07	0.999
850	0.314	0.644	0.894	0.59
851	0.492	0.18	0.209	0.596
852	0.2	0.869	0.433	0.409
853	0.556	0.567	0.418	0.971
854	0.2	0.681	0.156	0.377
855	0.117	0.184	0.931	0.187
856	0.545	0.501	0.826	0.439
857	0.375	0.931	0.27	0.584
858	0.078	0.784	0.397	0.512
859	0.177	0.068	0.76	0.595
860	0.344	0.795	0.719	0.5
861	0.961	0.617	0.355	0.891
862	0.538	0.436	0.304	0.364
863	0.395	0.739	0.806	0.665
864	0.333	0.743	0.107	0.73
865	0.3	0.907	0.323	0.059
866	0.362	0.403	0.296	0.082
867	0.468	0.042	0.52	0.823
868	0.323	0.361	0.37	0.628
869	0.245	0.022	0.463	0.051
870	0.786	0.385	0.431	0.893
871	0.686	0.193	0.022	0.01
872	0.523	0.372	0.655	0.819
873	0.558	0.287	0.496	0.078
874	0.429	0.401	0.471	0.799
875	0.195	0.044	0.051	0.659
876	0.739	0.445	0.48	0.17
877	0.594	0.856	0.531	0.616
878	0.784	0.139	0.237	0.439
879	0.691	0.997	0.246	0.187
880	0.356	0.616	0.477	0.827
881	0.506	0.023	0.459	0.557
882	0.555	0.296	0.126	0.034
883	0.464	0.629	0.322	0.996
884	0.187	0.779	0.384	0.424
885	0.342	0.115	0.216	0.588
886	0.291	0.944	0.918	0.768
887	0.334	0.274	0.794	0.793
888	0.475	0.348	0.128	0.601
889	0.594	0.066	0.011	0.915
890	0.255	0.103	0.84	0.639
891	0.059	0.981	0.643	0.274
892	0.945	0.565	0.513	0.863
893	0.284	0.197	0.608	0.078
894	0.439	0.553	0.338	0.567
895	0.72	0.161	0.22	0.731
896	0.281	0.986	0.179	0.122
897	0.706	0.18	0.606	0.349
898	0.175	0.293	0.019	0.688
899	0.353	0.972	0.354	0.961
900	0.344	0.4	0.603	0.682
901	0.757	0.402	0.128	0.977
902	0.205	0.258	0.119	0.384
903	0.745	0.09	0.56	0.35
904	0.015	0.525	0.732	0.034
905	0.889	0.387	0.185	0.243
906	0.235	0.587	0.748	0.837
907	0.715	0.594	0.671	0.843
908	0.804	0.048	0.83	0.924
909	0.21	0.668	0.523	0.77
910	0.962	0.785	0.544	0.694
911	0.757	0.583	0.206	0.942
912	0.553	0.176	0.413	0.301
913	0.681	0.016	0.608	0.352
914	0.18	0.156	0.908	0.009
915	0.34	0.219	0.748	0.863
916	0.767	0.825	0.774	0.311
917	0.593	0.068	0.102	0.799
918	0.928	0.353	0.186	0.341
919	0.2	0.022	0.67	0.808
920	0.529	0.987	0.531	0.437
921	0.611	0.777	0.216	0.359
922	0.206	0.127	0.465	0.98
923	0.983	0.573	0.506	0.085
924	0.516	0.014	0.725	0.702
925	0.379	0.901	0.377	0.049
926	0.751	0.578	0.696	0.282
927	0.693	0.893	0.792	0.909
928	0.432	0.115	0.379	0.896
929	0.816	0.88	0.668	0.322
930	0.041	0.838	0.979	0.766
931	0.333	0.145	0.44	0.71
932	0.149	0.461	0.771	0.845
933	0.786	0.538	0.635	0.578
934	0.887	0.01	0.561	0.266
935	0.656	0.082	0.786	0.324
936	0.751	0.365	0.242	0.729
937	0.781	0.063	0.276	0.221
938	0.47	0.371	0.233	0.241
939	0.975	0.027	0.754	0.61
940	0.201	0.497	0.615	0.762
941	0.521	0.418	0.845	0.307
942	0.25	0.057	0.108	0.491
943	0.239	0.273	0.849	0.515
944	0.622	0.984	0.865	0.855
945	0.08	0.83	0.252	0.834
946	0.858	0.035	0.937	0.473
947	0.7	0.994	0.215	0.546
948	0.958	0.795	0.358	0.065
949	0.145	0.304	0.559	0.994
950	0.053	0.616	0.803	0.918
951	0.028	0.998	0.3	0.28
952	0.74	0.138	0.867	0.678
953	0.663	0.378	0.604	0.878
954	0.904	0.836	0.719	0.262
955	0.006	0.407	0.205	0.565
956	0.024	0.619	0.017	0.826
957	0.487	0.854	0.535	0.787
958	0.367	0.528	0.272	0.234
959	0.882	0.898	0.584	0.486
960	0.508	0.391	0.612	0.227
961	0.513	0.233	0.06	0.718
962	0.461	0.742	0.417	0.477
963	0.954	0.964	0.422	0.489
964	0.556	0.856	0.279	0.828
965	0.484	0.71	0.988	0.068
966	0.764	0.576	0.588	0.376
967	0.241	0.889	0.036	0.301
968	0.834	0.761	0.349	0.251
969	0.917	0.204	0.203	0.339
970	0.954	0.895	0.549	0.233
971	0.639	0.717	0.433	0.627
972	0.629	0.39	0.361	0.217
973	0.164	0.457	0.654	0.199
974	0.261	0.033	0.519	0.61
975	0.758	0.527	0.488	0.961
976	0.181	0.915	0.76	0.73
977	0.482	0.369	0.865	0.915
978	0.65	0.544	0.386	0.011
979	0.152	0.175	0.218	0.806
980	0.976	0.067	0.407	0.495
981	0.691	0.253	0.204	0.179
982	0.07	0.36	0.129	0.83
983	0.276	0.312	0.46	0.141
984	0.455	0.791	0.771	0.841
985	0.532	0.993	0.977	0.75
986	0.351	0.726	0.866	0.758
987	0.544	0.449	0.475	0.748
988	0.689	0.818	0.988	0.817
989	0.079	0.094	0.959	0.538
990	0.186	0.993	0.026	0.957
991	0.829	0.489	0.828	0.806
992	0.627	0.157	0.964	0.493
993	0.186	0.037	0.364	0.66
994	0.992	0.349	0.603	0.98
995	0.25	0.059	0.259	0.21
996	0.494	0.396	0.591	0.52
997	0.425	0.349	0.842	0.253
998	0.081	0.879	0.312	0.045
999	0.228	0.231	0.409	0.592
1000	0.195	0.584	0.24	0.798
1001	0.405	0.048	0.624	0.665
1002	0.221	0.159	0.654	0.811
1003	0.008	0.237	0.028	0.85
1004	0.183	0.931	0.369	0.495
1005	0.741	0.723	0.207	0.151
1006	0.098	0.345	0.899	0.338
1007	0.464	0.743	0.191	0.088
1008	0.449	0.309	0.567	0.103
1009	0.245	0.111	0.356	0.273
1010	0.846	0.456	0.892	0.215
1011	0.869	0.956	0.673	0.076
1012	0.988	0.175	0.452	0.887
1013	0.595	0.351	0.256	0.786
1014	0.664	0.235	0.747	0.23
1015	0.867	0.476	0.449	0.224
1016	0.41	0.07	0.204	0.303
1017	0.155	0.172	0.241	0.828
1018	0.348	0.816	0.423	0.8
1019	0.936	0.395	0.054	0.192
1020	0.493	0.855	0.417	0.24
1021	0.755	0.107	0.561	0.205
1022	0.31	0.615	0.4	0.514
1023	0.685	0.669	0.09	0.925
1024	0.338	0.273	0.314	0.761
1025	0.017	0.697	0.469	0.071
1026	0.65	0.564	0.743	0.067
1027	0.829	0.823	0.911	0.39
1028	0.242	0.699	0.642	0.642
1029	0.56	0.327	0.882	0.65
1030	0.38	0.988	0.525	0.694
1031	0.598	0.711	0.445	0.067
1032	0.334	0.717	0.345	0.077
1033	0.149	0.906	0.607	0.06
1034	0.635	0.302	0.995	0.277
1035	0.208	0.837	0.271	0.09
1036	0.523	0.47	0.475	0.048
1037	0.223	0.646	0.874	0.669
1038	0.656	0.002	0.43	0.001
1039	0.215	0.151	0.985	0.822
1040	0.281	0.456	0.513	0.275
1041	0.457	0.483	0.57	0.729
1042	0.057	0.252	0.043	0.532
1043	0.207	0.756	0.947	0.082
1044	0.66	0.738	0.427	0.09
1045	0.506	0.304	0.89	0.492
1046	0.101	0.772	0.582	0.614
1047	0.316	0.071	0.53	0.886
1048	0.103	0.944	0.051	0.147
1049	0.351	0.354	0.231	0.298
1050	0.656	0.958	0.173	0.083
1051	0.912	0.589	0.352	0.802
1052	0.478	0.902	0.853	0.06
1053	0.9	0.376	0.587	0.43
1054	0.386	0.533	0.206	0.438
1055	0.681	0.789	0.033	0.913
1056	0.469	0.569	0.045	0.642
1057	0.092	0.554	0.24	0.443
1058	0.321	0.921	0.258	0.173
1059	0.774	0.073	0.357	0.361
1060	0.619	0.747	0.036	0.824
1061	0.716	0.506	0.974	0.749
1062	0.062	0.218	0.987	0.106
1063	0.639	0.198	0.414	0.879
1064	0.77	0.2	0.563	0.029
1065	0.544	0.803	0.446	0.901
1066	0.95	0.519	0.911	0.986
1067	0.097	0.702	0.85	0.071
1068	0.268	0.133	0.67	0.256
1069	0.53	0.894	0.437	0.944
1070	0.079	0.715	0.972	0.641
1071	0.345	0.185	0.546	0.792
1072	0.71	0.741	0.605	0.621
1073	0.949	0.718	0.429	0.799
1074	0.881	0.067	0.922	0.55
1075	0.16	0.08	0.217	0.597
1076	0.99	0.676	0.74	0.963
1077	0.483	0.308	0.502	0.03
1078	0.588	0.74	0.841	0.194
1079	0.568	0.143	0.079	0.998
1080	0.868	0.878	0.01	0.79
1081	0.333	0.95	0.509	0.55
1082	0.534	0.54	0.223	0.273
1083	0.54	0.757	0.81	0.043
1084	0.91	0.631	0.526	0.751
1085	0.887	0.319	0.968	0.966
1086	0.911	0.835	0.195	0.92
1087	0.623	0.253	0.574	0.132
1088	0.122	0.666	0.342	0.345
1089	0.845	0.885	0.696	0.655
1090	0.482	0.565	0.559	0.008
1091	0.384	0.895	0.635	0.353
1092	0.952	0.263	0.696	0.147
1093	0.32	0.771	0.436	0.895
1094	0.239	0.016	0.569	0.581
1095	0.508	0.426	0.246	0.204
1096	0.174	0.686	0.645	0.733
1097	0.961	0.117	0.589	0.596
1098	0.451	0.548	0.732	0.147
1099	0.916	0.467	0.466	0.352
1100	0.369	0.591	0.378	0.938
1101	0.739	0.446	0.598	0.985
1102	0.678	0.159	0.336	0.324
1103	0.03	0.284	0.008	0.619
1104	0.477	0.07	0.429	0.21
1105	0.124	0.126	0.683	0.591
1106	0.045	0.96	0.069	0.423
1107	0.242	0.162	0.344	0.84
1108	0.994	0.518	0.306	0.33
1109	0.197	0.36	0.126	0.205
1110	0.007	0.683	0.049	0.436
1111	0.265	0.56	0.019	0.949
1112	0.497	0.994	0.11	0.566
1113	0.008	0.808	0.579	0.352
1114	0.726	0.345	0.165	0.032
1115	0.007	0.23	0.035	0.133
1116	0.014	0.139	0.118	0.063
1117	0.011	0.329	0.135	0.03
1118	0.286	0.527	0.271	0.396
1119	0.688	0.404	0.9	0.267
1120	0.547	0.994	0.102	0.713
1121	0.777	0.719	0.256	0.812
1122	0.691	0.826	0.992	0.809
1123	0.567	0.82	0.219	0.702
1124	0.496	0.988	0.376	0.767
1125	0.469	0.456	0.788	0.369
1126	0.544	0.917	0.717	0.646
1127	0.743	0.423	0.349	0.999
1128	0.201	0.69	0.061	0.192
1129	0.951	0.759	0.319	0.169
1130	0.169	0.665	0.448	0.545
1131	0.832	0.014	0.888	0.621
1132	0.611	0.165	0.299	0.328
1133	0.929	0.071	0.234	0.277
1134	0.468	0.478	0.76	0.529
1135	0.259	0.48	0.429	0.578
1136	0.889	0.746	0.315	0.338
1137	0.747	0.17	0.305	0.636
1138	0.688	0.247	0.956	0.987
1139	0.767	0.916	0.646	0.001
1140	0.716	0.469	0.671	0.476
1141	0.341	0.735	0.478	0.77
1142	0.127	0.659	0.059	0.442
1143	0.35	0.19	0.167	0.655
1144	0.958	0.343	0.072	0.914
1145	0.648	0.681	0.247	0.294
1146	0.44	0.01	0.15	0.111
1147	0.148	0.451	0.221	0.627
1148	0.534	0.754	0.88	0.593
1149	0.877	0.943	0.386	0.044
1150	0.211	0.002	0.941	0.283
1151	0.272	0.931	0.597	0.519
1152	0.278	0.958	0.235	0.428
1153	0.721	0.577	0.52	0.942
1154	0.741	0.476	0.957	0.622
1155	0.154	0.499	0.011	0.539
1156	0.609	0.75	0.545	0.551
1157	0.461	0.823	0.964	0.057
1158	0.189	0.335	0.3	0.424
1159	0.369	0.145	0.34	0.889
1160	0.544	0.63	0.563	0.501
1161	0.631	0.655	0.751	0.642
1162	0.293	0.251	0.945	0.838
1163	0.978	0.299	0.624	0.943
1164	0.966	0.132	0.691	0.265
1165	0.455	0.634	0.701	0.796
1166	0.787	0.339	0.153	0.35
1167	0.405	0.981	0.496	0.156
1168	0.69	0.449	0.874	0.635
1169	0.676	0.613	0.586	0.3
1170	0.943	0.266	0.688	0.634
1171	0.244	0.089	0.165	0.944
1172	0.687	0.732	0.224	0.84
1173	0.065	0.246	0.062	0.561
1174	0.685	0.251	0.851	0.559
1175	0.138	0.235	0.499	0.725
1176	0.055	0.667	0.801	0.744
1177	0.332	0.987	0.39	0.497
1178	0.275	0.185	0.664	0.499
1179	0.745	0.564	0.271	0.808
1180	0.672	0.493	0.375	0.523
1181	0.261	0.661	0.287	0.76
1182	0.822	0.815	0.053	0.623
1183	0.354	0.956	0.546	0.744
1184	0.478	0.019	0.637	0.142
1185	0.662	0.887	0.082	0.933
1186	0.206	0.605	0.187	0.581
1187	0.239	0.842	0.789	0.526
1188	0.174	0.347	0.417	0.227
1189	0.976	0.581	0.926	0.523
1190	0.379	0.001	0.345	0.016
1191	0.863	0.679	0.03	0.944
1192	0.725	0.15	0.217	0.913
1193	0.344	0.152	0.574	0.133
1194	0.176	0.307	0.025	0.593
1195	0.995	0.569	0.115	0.921
1196	0.44	0.3	0.093	0.785
1197	0.236	0.648	0.996	0.266
1198	0.607	0.991	0.743	0.824
1199	0.474	0.169	0.055	0.048
1200	0.733	0.223	0.609	0.757
1201	0.143	0.753	0.385	0.258
1202	0.477	0.698	0.975	0.57
1203	0.291	0.806	0.131	0.287
1204	0.723	0.895	0.063	0.466
1205	0.967	0.94	0.887	0.022
1206	0.189	0.755	0.211	0.798
1207	0.027	0.941	0.265	0.413
1208	0.939	0.89	0.897	0.913
1209	0.38	0.205	0.265	0.511
1210	0.336	0.235	0.386	0.399
1211	0.105	0.366	0.641	0.992
1212	0.628	0.181	0.143	0.84
1213	0.655	0.867	0.919	0.919
1214	0.118	0.858	0.169	0.015
1215	0.628	0.395	0.976	0.893
1216	0.468	0.23	0.141	0.854
1217	0.842	0.959	0.995	0.482
1218	0.383	0.111	0.132	0.526
1219	0.111	0.18	0.817	0.031
1220	0.097	0.149	0.958	0.266
1221	0.729	0.894	0.559	0.705
1222	0.465	0.172	0.018	0.607
1223	0.647	0.448	0.985	0.642
1224	0.936	0.025	0.042	0.068
1225	0.992	0.179	0.731	0.809
1226	0.83	0.906	0.359	0.788
1227	0.523	0.516	0.066	0.082
1228	0.854	0.547	0.393	0.871
1229	0.419	0.518	0.602	0.403
1230	0.533	0.339	0.185	0.574
1231	0.735	0.566	0.586	0.466
1232	0.797	0.296	0.281	0.156
1233	0.453	0.679	0.599	0.519
1234	0.82	0.373	0.307	0.213
1235	0.461	0.632	0.762	0.063
1236	0.922	0.596	0.374	0.107
1237	0.781	0.842	0.736	0.367
1238	0.112	0.164	0.604	0.393
1239	0.687	0.846	0.999	0.286
1240	0.759	0.106	0.738	0.066
1241	0.982	0.527	0.951	0.744
1242	0.986	0.667	0.186	0.36
1243	0.356	0.141	0.617	0.092
1244	0.925	0.204	0.673	0.528
1245	0.993	0.215	0.443	0.992
1246	0.808	0.751	0.608	0.545
1247	0.927	0.527	0.344	0.878
1248	0.934	0.865	0.939	0.12
1249	0.713	0.476	0.366	0.33
1250	0.875	0.254	0.771	0.548
1251	0.368	0.541	0.997	0.81
1252	0.498	0.618	0.283	0.106
1253	0.1	0.033	0.691	0.444
1254	0.963	0.378	0.776	0.901
1255	0.001	0.614	0.973	0.367
1256	0.54	0.242	0.198	0.312
1257	0.981	0.679	0.33	0.978
1258	0.862	0.476	0.107	0.145
1259	0.271	0.245	0.615	0.961
1260	0.527	0.924	0.066	0.303
1261	0.563	0.303	0.44	0.536
1262	0.384	0.077	0.912	0.582
1263	0.701	0.563	0.067	0.031
1264	0.557	0.893	0.017	0.664
1265	0.599	0.935	0.283	0.214
1266	0.971	0.741	0.821	0.037
1267	0.646	0.6	0.347	0.086
1268	0.017	0.471	0.213	0.929
1269	0.601	0.63	0.616	0.669
1270	0.157	0.226	0.554	0.173
1271	0.592	0.772	0.825	0.875
1272	0.722	0.846	0.728	0.543
1273	0.771	0.189	0.483	0.118
1274	0.62	0.136	0.746	0.833
1275	0.799	0.434	0.696	0.415
1276	0.357	0.572	0.328	0.911
1277	0.219	0.503	0.517	0.044
1278	0.504	0.766	0.223	0.232
1279	0.106	0.003	0.498	0.589
1280	0.773	0.209	0.257	0.52
1281	0.323	0.319	0.476	0.018
1282	0.579	0.375	0.306	0.907
1283	0.051	0.126	0.788	0.568
1284	0.166	0.072	0.936	0.389
1285	0.244	0.495	0.307	0.742
1286	0.428	0.516	0.294	0.686
1287	0.336	0.008	0.354	0.812
1288	0.088	0.39	0.401	0.394
1289	0.687	0.445	0.424	0.475
1290	0.594	0.641	0.085	0.529
1291	0.389	0.774	0.526	0.695
1292	0.61	0.124	0.032	0.904
1293	0.067	0.24	0.818	0.422
1294	0.845	0.51	0.441	0.246
1295	0.739	0.933	0.348	0.163
1296	0.361	0.756	0.049	0.446
1297	0.079	0.834	0.059	0.605
1298	0.575	0.215	0.653	0.607
1299	0.463	0.674	0.359	0.281
1300	0.41	0.126	0.606	0.851
1301	0.51	0.591	0.304	0.858
1302	0.712	0.219	0.51	0.761
1303	0.796	0.841	0.498	0.855
1304	0.028	0.431	0.661	0.681
1305	0.781	0.144	0.712	0.14
1306	0.808	0.55	0.551	0.414
1307	0.923	0.924	0.992	0.227
1308	0.745	0.939	1.000	0.255
1309	0.664	0.051	0.541	0.162
1310	0.987	0.19	0.336	0.649
1311	0.374	0.43	0.015	0.086
1312	0.441	0.895	0.119	0.992
1313	0.521	0.914	0.232	0.513
1314	0.013	0.258	0.08	0.013
1315	0.781	0.677	0.564	0.322
1316	0.47	0.309	0.03	0.806
1317	0.901	0.181	0.388	0.916
1318	0.958	0.357	0.161	0.077
1319	0.47	0.598	0.263	0.702
1320	0.404	0.715	0.369	0.484
1321	0.882	0.265	0.406	0.446
1322	0.246	0.916	0.896	0.275
1323	0.855	0.176	0.903	0.243
1324	0.169	0.201	0.45	0.331
1325	0.798	0.801	0.876	0.061
1326	0.987	0.465	0.218	0.355
1327	0.947	0.237	0.214	0.352
1328	0.801	0.598	0.598	0.697
1329	0.32	0.551	0.05	0.223
1330	0.142	0.392	0.995	0.592
1331	0.273	0.39	0.524	0.149
1332	0.027	0.135	0.916	0.244
1333	0.865	0.191	0.727	0.078
1334	0.41	0.879	0.142	0.008
1335	0.015	0.328	0.127	0.065
1336	0.922	0.207	0.943	0.916
1337	0.666	0.189	0.188	0.19
1338	0.639	0.217	0.474	0.555
1339	0.964	0.42	0.652	0.691
1340	0.195	0.101	0.377	0.337
1341	0.953	0.352	0.437	0.08
1342	0.988	0.002	0.623	0.931
1343	0.422	0.597	0.108	0.611
1344	0.446	0.25	0.004	0.92
1345	0.465	0.884	0.225	0.117
1346	0.723	0.312	0.677	0.101
1347	0.786	0.054	0.001	0.223
1348	0.418	0.211	0.136	0.042
1349	0.054	0.464	0.74	0.162
1350	0.528	0.608	0.324	0.532
1351	0.129	0.996	0.412	0.354
1352	0.987	0.077	0.426	0.664
1353	0.075	0.45	0.232	0.077
1354	0.366	0.495	0.885	0.502
1355	0.027	0.556	0	0.768
1356	0.074	0.295	0.326	0.398
1357	0.853	0.528	0.823	0.265
1358	0.937	0.253	0.959	0.363
1359	0.137	0.438	0.367	0.369
1360	0.041	0.735	0.01	0.926
1361	0.546	0.953	0.793	0.546
1362	0.511	0.621	0.016	0.837
1363	0.843	0.69	0.547	0.666
1364	0.428	0.603	0.208	0.387
1365	0.125	0.525	0.403	0.493
1366	0.918	0.533	0.629	0.928
1367	0.867	0.474	0.412	0.66
1368	0.133	0.171	0.641	0.149
1369	0.66	0.991	0.697	0.206
1370	0.652	0.635	0.26	0.861
1371	0.225	0.986	0.547	0.628
1372	0.441	0.546	0.012	0.071
1373	0.471	0.937	0.948	0.883
1374	0.968	0.016	0.767	0.609
1375	0.775	0.269	0.156	0.472
1376	0.813	0.124	0.11	0.073
1377	0.132	0.298	0.97	0.679
1378	0.449	0.12	0.473	0.461
1379	0.947	0.932	0.128	0.895
1380	0.725	0.863	0.832	0.493
1381	0.997	0.267	0.741	0.153
1382	0.216	0.966	0.863	0.326
1383	0.847	0.459	0.338	0.817
1384	0.264	0.266	0.258	0.738
1385	0.449	0.685	0.66	0.577
1386	0.476	0.302	0.443	0.307
1387	0.915	0.304	0.062	0.656
1388	0.801	0.873	0.422	0.663
1389	0.462	0.51	0.658	0.8
1390	0.796	0.064	0.594	0.054
1391	0.322	0.503	0.486	0.982
1392	0.066	0.457	0.383	0.509
1393	0.178	0.424	0.068	0.24
1394	0.525	0.04	0.953	0.947
1395	0.152	0.409	0.214	0.81
1396	0.542	0.605	0.273	0.136
1397	0.074	0.458	0.162	0.56
1398	0.242	0.626	0.897	0.625
1399	0.661	0.803	0.559	0.73
1400	0.639	0.254	0.083	0.591
; 

param y_train :=
1	-1
2	1
3	-1
4	-1
5	-1
6	1
7	1
8	1
9	-1
10	-1
11	1
12	-1
13	1
14	1
15	-1
16	1
17	-1
18	-1
19	1
20	1
21	1
22	1
23	-1
24	1
25	1
26	-1
27	-1
28	-1
29	1
30	1
31	-1
32	-1
33	1
34	-1
35	-1
36	-1
37	1
38	1
39	1
40	-1
41	1
42	-1
43	-1
44	1
45	1
46	1
47	-1
48	-1
49	-1
50	1
51	1
52	1
53	-1
54	-1
55	1
56	-1
57	-1
58	-1
59	-1
60	1
61	-1
62	1
63	1
64	1
65	1
66	1
67	-1
68	-1
69	1
70	1
71	1
72	-1
73	-1
74	1
75	1
76	-1
77	-1
78	1
79	1
80	1
81	-1
82	1
83	-1
84	-1
85	-1
86	1
87	-1
88	1
89	1
90	-1
91	1
92	-1
93	-1
94	-1
95	-1
96	1
97	-1
98	-1
99	-1
100	1
101	1
102	-1
103	1
104	-1
105	-1
106	-1
107	1
108	-1
109	1
110	1
111	-1
112	-1
113	1
114	-1
115	1
116	1
117	1
118	1
119	-1
120	1
121	-1
122	-1
123	-1
124	-1
125	-1
126	1
127	1
128	-1
129	-1
130	1
131	-1
132	-1
133	-1
134	-1
135	-1
136	1
137	-1
138	-1
139	-1
140	1
141	-1
142	-1
143	1
144	-1
145	1
146	-1
147	-1
148	-1
149	1
150	-1
151	-1
152	-1
153	-1
154	1
155	1
156	-1
157	-1
158	-1
159	1
160	1
161	1
162	-1
163	-1
164	1
165	1
166	1
167	1
168	1
169	1
170	1
171	1
172	1
173	1
174	-1
175	1
176	-1
177	-1
178	1
179	-1
180	1
181	1
182	-1
183	-1
184	-1
185	-1
186	1
187	1
188	1
189	1
190	-1
191	1
192	1
193	1
194	-1
195	-1
196	1
197	-1
198	-1
199	1
200	-1
201	1
202	1
203	-1
204	-1
205	-1
206	-1
207	-1
208	-1
209	-1
210	-1
211	1
212	-1
213	-1
214	-1
215	-1
216	-1
217	-1
218	-1
219	-1
220	-1
221	1
222	-1
223	1
224	1
225	1
226	1
227	1
228	1
229	-1
230	-1
231	1
232	-1
233	-1
234	1
235	-1
236	1
237	1
238	-1
239	1
240	1
241	1
242	1
243	1
244	1
245	-1
246	1
247	1
248	-1
249	-1
250	1
251	-1
252	1
253	-1
254	-1
255	1
256	-1
257	1
258	1
259	1
260	1
261	-1
262	-1
263	-1
264	1
265	1
266	1
267	1
268	1
269	1
270	1
271	1
272	-1
273	1
274	1
275	-1
276	1
277	1
278	-1
279	1
280	-1
281	1
282	1
283	-1
284	-1
285	-1
286	-1
287	-1
288	-1
289	-1
290	1
291	1
292	1
293	-1
294	1
295	-1
296	1
297	-1
298	1
299	-1
300	1
301	1
302	1
303	-1
304	-1
305	-1
306	1
307	-1
308	-1
309	-1
310	1
311	-1
312	-1
313	1
314	-1
315	-1
316	1
317	1
318	-1
319	1
320	-1
321	1
322	1
323	-1
324	1
325	-1
326	1
327	1
328	1
329	-1
330	1
331	1
332	-1
333	1
334	-1
335	-1
336	1
337	1
338	-1
339	-1
340	1
341	1
342	1
343	-1
344	-1
345	-1
346	1
347	-1
348	1
349	-1
350	1
351	1
352	-1
353	1
354	-1
355	-1
356	-1
357	1
358	1
359	1
360	1
361	1
362	-1
363	-1
364	1
365	1
366	-1
367	1
368	1
369	1
370	1
371	-1
372	1
373	1
374	1
375	1
376	1
377	1
378	-1
379	1
380	-1
381	1
382	-1
383	1
384	-1
385	-1
386	-1
387	1
388	1
389	1
390	-1
391	1
392	1
393	-1
394	-1
395	1
396	1
397	1
398	-1
399	-1
400	1
401	1
402	-1
403	-1
404	1
405	1
406	1
407	-1
408	1
409	-1
410	1
411	-1
412	-1
413	1
414	-1
415	-1
416	-1
417	-1
418	1
419	1
420	-1
421	1
422	-1
423	1
424	1
425	-1
426	-1
427	1
428	1
429	-1
430	-1
431	-1
432	-1
433	1
434	-1
435	1
436	1
437	1
438	-1
439	1
440	-1
441	-1
442	-1
443	1
444	-1
445	1
446	1
447	1
448	1
449	-1
450	-1
451	-1
452	1
453	-1
454	1
455	-1
456	1
457	-1
458	1
459	1
460	-1
461	1
462	1
463	1
464	-1
465	1
466	-1
467	1
468	-1
469	-1
470	1
471	-1
472	-1
473	1
474	1
475	-1
476	1
477	-1
478	-1
479	1
480	1
481	1
482	-1
483	-1
484	-1
485	-1
486	1
487	1
488	-1
489	1
490	-1
491	1
492	-1
493	-1
494	1
495	1
496	-1
497	-1
498	-1
499	-1
500	1
501	1
502	1
503	1
504	1
505	-1
506	1
507	1
508	1
509	1
510	-1
511	1
512	1
513	1
514	1
515	1
516	-1
517	1
518	1
519	-1
520	-1
521	-1
522	1
523	-1
524	1
525	-1
526	1
527	-1
528	1
529	1
530	1
531	-1
532	-1
533	-1
534	1
535	1
536	-1
537	-1
538	1
539	-1
540	-1
541	-1
542	1
543	-1
544	1
545	-1
546	-1
547	-1
548	-1
549	1
550	-1
551	1
552	1
553	-1
554	-1
555	-1
556	-1
557	-1
558	1
559	1
560	-1
561	-1
562	-1
563	1
564	1
565	-1
566	-1
567	-1
568	1
569	-1
570	-1
571	1
572	-1
573	1
574	1
575	1
576	1
577	-1
578	-1
579	-1
580	-1
581	1
582	1
583	1
584	-1
585	-1
586	1
587	-1
588	-1
589	-1
590	1
591	1
592	-1
593	1
594	1
595	1
596	-1
597	1
598	-1
599	-1
600	-1
601	1
602	-1
603	1
604	-1
605	1
606	1
607	1
608	-1
609	1
610	1
611	-1
612	1
613	-1
614	-1
615	1
616	-1
617	-1
618	-1
619	-1
620	-1
621	-1
622	1
623	1
624	-1
625	-1
626	1
627	1
628	-1
629	1
630	-1
631	1
632	1
633	1
634	-1
635	1
636	-1
637	1
638	1
639	-1
640	1
641	1
642	-1
643	1
644	1
645	-1
646	1
647	-1
648	1
649	-1
650	1
651	-1
652	-1
653	-1
654	-1
655	1
656	-1
657	1
658	1
659	1
660	1
661	1
662	1
663	1
664	1
665	-1
666	1
667	-1
668	-1
669	-1
670	1
671	1
672	-1
673	-1
674	1
675	1
676	-1
677	-1
678	-1
679	-1
680	-1
681	1
682	-1
683	1
684	-1
685	1
686	-1
687	1
688	-1
689	-1
690	1
691	1
692	1
693	-1
694	-1
695	-1
696	-1
697	1
698	-1
699	1
700	1
701	1
702	-1
703	1
704	-1
705	-1
706	1
707	-1
708	1
709	-1
710	-1
711	1
712	-1
713	-1
714	-1
715	1
716	-1
717	-1
718	1
719	-1
720	-1
721	-1
722	1
723	-1
724	-1
725	1
726	1
727	-1
728	-1
729	-1
730	1
731	-1
732	-1
733	-1
734	1
735	1
736	-1
737	1
738	1
739	1
740	-1
741	-1
742	-1
743	-1
744	-1
745	1
746	-1
747	-1
748	-1
749	1
750	1
751	1
752	1
753	1
754	-1
755	-1
756	-1
757	1
758	1
759	1
760	1
761	1
762	1
763	1
764	-1
765	-1
766	-1
767	1
768	1
769	1
770	1
771	-1
772	1
773	-1
774	1
775	-1
776	-1
777	1
778	1
779	1
780	1
781	-1
782	1
783	1
784	1
785	-1
786	1
787	1
788	-1
789	-1
790	-1
791	1
792	-1
793	-1
794	-1
795	1
796	-1
797	-1
798	1
799	-1
800	1
801	1
802	1
803	1
804	1
805	1
806	1
807	1
808	1
809	1
810	1
811	1
812	1
813	-1
814	-1
815	1
816	1
817	-1
818	1
819	1
820	1
821	-1
822	1
823	1
824	-1
825	-1
826	1
827	-1
828	1
829	-1
830	1
831	1
832	1
833	-1
834	1
835	1
836	-1
837	1
838	-1
839	-1
840	1
841	1
842	1
843	-1
844	1
845	1
846	1
847	-1
848	-1
849	1
850	1
851	-1
852	-1
853	1
854	-1
855	-1
856	1
857	1
858	-1
859	-1
860	1
861	1
862	-1
863	1
864	-1
865	-1
866	-1
867	-1
868	-1
869	-1
870	1
871	-1
872	1
873	-1
874	1
875	-1
876	-1
877	1
878	1
879	1
880	1
881	-1
882	-1
883	1
884	-1
885	-1
886	1
887	1
888	-1
889	-1
890	-1
891	-1
892	1
893	1
894	-1
895	-1
896	-1
897	-1
898	-1
899	1
900	-1
901	1
902	-1
903	-1
904	-1
905	-1
906	1
907	1
908	1
909	1
910	1
911	1
912	-1
913	-1
914	-1
915	-1
916	1
917	-1
918	-1
919	-1
920	-1
921	-1
922	-1
923	1
924	-1
925	-1
926	1
927	1
928	-1
929	-1
930	1
931	-1
932	1
933	1
934	-1
935	-1
936	1
937	-1
938	-1
939	1
940	1
941	1
942	-1
943	-1
944	1
945	-1
946	1
947	1
948	1
949	1
950	1
951	-1
952	1
953	1
954	1
955	-1
956	-1
957	1
958	-1
959	1
960	-1
961	-1
962	1
963	1
964	1
965	1
966	1
967	-1
968	1
969	-1
970	1
971	1
972	-1
973	-1
974	-1
975	1
976	1
977	-1
978	-1
979	-1
980	-1
981	-1
982	-1
983	-1
984	1
985	1
986	1
987	1
988	1
989	-1
990	1
991	1
992	1
993	-1
994	1
995	-1
996	1
997	-1
998	-1
999	-1
1000	-1
1001	-1
1002	-1
1003	-1
1004	1
1005	-1
1006	-1
1007	-1
1008	-1
1009	1
1010	-1
1011	1
1012	1
1013	-1
1014	-1
1015	1
1016	-1
1017	-1
1018	1
1019	-1
1020	1
1021	-1
1022	-1
1023	1
1024	-1
1025	-1
1026	1
1027	1
1028	1
1029	1
1030	1
1031	-1
1032	-1
1033	-1
1034	1
1035	-1
1036	-1
1037	1
1038	-1
1039	1
1040	-1
1041	1
1042	-1
1043	-1
1044	-1
1045	1
1046	1
1047	-1
1048	-1
1049	-1
1050	-1
1051	1
1052	1
1053	1
1054	-1
1055	1
1056	-1
1057	-1
1058	1
1059	-1
1060	1
1061	1
1062	-1
1063	1
1064	-1
1065	1
1066	1
1067	-1
1068	-1
1069	1
1070	1
1071	-1
1072	1
1073	1
1074	1
1075	-1
1076	1
1077	-1
1078	1
1079	-1
1080	1
1081	1
1082	-1
1083	1
1084	1
1085	1
1086	1
1087	-1
1088	-1
1089	1
1090	-1
1091	1
1092	1
1093	1
1094	-1
1095	-1
1096	1
1097	1
1098	-1
1099	1
1100	1
1101	1
1102	-1
1103	-1
1104	-1
1105	-1
1106	-1
1107	-1
1108	1
1109	1
1110	-1
1111	-1
1112	1
1113	-1
1114	-1
1115	-1
1116	-1
1117	-1
1118	-1
1119	1
1120	1
1121	1
1122	1
1123	1
1124	1
1125	1
1126	1
1127	1
1128	-1
1129	1
1130	-1
1131	1
1132	-1
1133	-1
1134	1
1135	-1
1136	1
1137	-1
1138	1
1139	1
1140	-1
1141	1
1142	1
1143	-1
1144	1
1145	-1
1146	-1
1147	-1
1148	1
1149	1
1150	-1
1151	1
1152	-1
1153	1
1154	1
1155	-1
1156	1
1157	1
1158	-1
1159	-1
1160	1
1161	1
1162	1
1163	1
1164	1
1165	1
1166	-1
1167	1
1168	1
1169	1
1170	1
1171	-1
1172	1
1173	-1
1174	1
1175	-1
1176	1
1177	1
1178	-1
1179	1
1180	1
1181	-1
1182	1
1183	1
1184	-1
1185	1
1186	-1
1187	1
1188	1
1189	1
1190	-1
1191	1
1192	1
1193	-1
1194	-1
1195	1
1196	-1
1197	1
1198	1
1199	-1
1200	1
1201	-1
1202	1
1203	-1
1204	1
1205	-1
1206	-1
1207	-1
1208	1
1209	-1
1210	-1
1211	1
1212	1
1213	1
1214	-1
1215	1
1216	-1
1217	-1
1218	1
1219	-1
1220	-1
1221	1
1222	-1
1223	1
1224	-1
1225	1
1226	1
1227	-1
1228	1
1229	-1
1230	-1
1231	1
1232	-1
1233	1
1234	-1
1235	-1
1236	-1
1237	1
1238	-1
1239	1
1240	-1
1241	1
1242	1
1243	-1
1244	1
1245	1
1246	1
1247	1
1248	1
1249	-1
1250	1
1251	1
1252	-1
1253	-1
1254	1
1255	-1
1256	-1
1257	1
1258	-1
1259	1
1260	-1
1261	-1
1262	-1
1263	-1
1264	1
1265	1
1266	1
1267	-1
1268	-1
1269	1
1270	-1
1271	-1
1272	1
1273	-1
1274	1
1275	1
1276	1
1277	-1
1278	-1
1279	-1
1280	-1
1281	-1
1282	1
1283	-1
1284	-1
1285	-1
1286	-1
1287	-1
1288	-1
1289	1
1290	-1
1291	1
1292	-1
1293	-1
1294	1
1295	1
1296	-1
1297	-1
1298	1
1299	-1
1300	-1
1301	1
1302	1
1303	1
1304	-1
1305	-1
1306	1
1307	1
1308	1
1309	-1
1310	1
1311	-1
1312	1
1313	1
1314	-1
1315	1
1316	1
1317	1
1318	-1
1319	1
1320	-1
1321	-1
1322	1
1323	1
1324	-1
1325	1
1326	1
1327	-1
1328	1
1329	-1
1330	1
1331	-1
1332	-1
1333	-1
1334	-1
1335	-1
1336	1
1337	-1
1338	-1
1339	1
1340	-1
1341	-1
1342	1
1343	-1
1344	-1
1345	-1
1346	-1
1347	-1
1348	-1
1349	-1
1350	-1
1351	-1
1352	1
1353	-1
1354	1
1355	-1
1356	-1
1357	1
1358	1
1359	-1
1360	-1
1361	1
1362	-1
1363	-1
1364	1
1365	-1
1366	1
1367	1
1368	-1
1369	1
1370	1
1371	1
1372	-1
1373	1
1374	1
1375	-1
1376	1
1377	1
1378	-1
1379	1
1380	1
1381	1
1382	1
1383	1
1384	-1
1385	1
1386	-1
1387	-1
1388	1
1389	1
1390	-1
1391	1
1392	-1
1393	-1
1394	1
1395	-1
1396	-1
1397	-1
1398	1
1399	1
1400	-1
;

param A_test: 1 2 3 4 :=
1	0.787	0.743	0.61	0.001
2	0.819	0.543	0.158	0.092
3	0.817	0.166	0.137	0.979
4	0.576	0.221	0.352	0.473
5	0.487	0.135	0.649	0.046
6	0.692	0.685	0.119	0.775
7	0.32	0.561	0.019	0.931
8	0.571	0.75	0.105	0.729
9	0.783	0.546	0.007	0.92
10	0.733	0.496	0.746	0.086
11	0.593	0.573	0.104	0.242
12	0.968	0.933	0.304	0.087
13	0.58	0.407	0.269	0.598
14	0.831	0.17	0.087	0.936
15	0.928	0.719	0.445	0.935
16	0.97	0.669	0.136	0.717
17	0.105	0.309	0.328	0.209
18	0.947	0.177	0.484	0.25
19	0.191	0.83	0.671	0.46
20	0.008	0.291	0.598	0.096
21	0.498	0.024	0.946	0.943
22	0.585	0.913	0.628	0.721
23	0.383	0.826	0.939	0.71
24	0.49	0.657	0.212	0.973
25	0.476	0.165	0.738	0.147
26	0.166	0.156	0.916	0.765
27	0.143	0.262	0.275	0.089
28	0.235	0.675	0.118	0.863
29	0.748	0.246	0.221	0.687
30	0.257	0.177	0.614	0.469
31	0.521	0.945	0.315	0.259
32	0.94	0.425	0.248	0.856
33	0.5	0.999	0.452	0.775
34	0.658	0.01	0.763	0.776
35	0.158	0.524	0.119	0.38
36	0.075	0.636	0.389	0.689
37	0.539	0.21	0.05	0.854
38	0.142	0.794	0.894	0.39
39	0.084	0.89	0.649	0.537
40	0.737	0.194	0.675	0.499
41	0.548	0.657	0.495	0.667
42	0.707	0.742	0.673	0.095
43	0.778	0.634	0.641	0.828
44	0.11	0.97	0.283	0.004
45	0.933	0.088	0.251	0.582
46	0.916	0.319	0.819	0.591
47	0.789	0.138	0.476	0.284
48	0.513	0.991	0.547	0.185
49	0.978	0.963	0.721	0.619
50	0.209	0.728	0.761	0.492
51	0.121	0.425	0.82	0.372
52	0.445	0.287	0.325	0.264
53	0.144	0.053	0.016	0.619
54	0.821	0.132	0.328	0.369
55	0.415	0.346	0.28	0.135
56	0.071	0.345	0.693	0.832
57	0.425	0.953	0.262	0.245
58	0.269	0.69	0.612	0.594
59	0.49	0.738	0.007	0.506
60	0.344	0.328	0.488	0.672
61	0.805	0.087	0.043	0.086
62	0.008	0.157	0.567	0.701
63	0.404	0.126	0.942	0.666
64	0.267	0.935	0.061	0.879
65	0.014	0.369	0.266	0.021
66	0.623	0.365	0.203	0.112
67	0.899	0.917	0.123	0.941
68	0.345	0.949	0.159	0.912
69	0.148	0.316	0.775	0.09
70	0.146	0.357	0.916	0.207
71	0.445	0.222	0.604	0.711
72	0.479	0.335	0.607	0.682
73	0.644	0.581	0.363	0.768
74	0.366	0.113	0.471	0.525
75	0.12	0.673	0.341	0.896
76	0.323	0.042	0.12	0.24
77	0.356	0.685	0.472	0.96
78	0.714	0.44	0.731	0.321
79	0.177	0.966	0.703	0.54
80	0.225	0.906	0.846	0.696
81	0.872	0.816	0.104	0.213
82	0.868	0.537	0.754	0.988
83	0.004	0.344	0.461	0.476
84	0.857	0.19	0.744	0.588
85	0.866	0.765	0.477	0.569
86	0.21	0.793	0.211	0.057
87	0.642	0.928	0.305	0.746
88	0.017	0.613	0.678	0.771
89	0.455	0.775	0.945	0.916
90	0.25	0.773	0.441	0.994
91	0.952	0.86	0.126	0.429
92	0.431	0.639	0.222	0.642
93	0.711	0.283	0.624	0.015
94	0.766	0.032	0.643	0.444
95	0.244	0.899	0.579	0.19
96	0.83	0.439	0.588	0.27
97	0.949	0.222	0.293	0.076
98	0.722	0.507	0.29	0.944
99	0.985	0.654	0.432	0.609
100	0.462	0.375	0.702	0.104
101	0.505	0.349	0.719	0.084
102	0.534	0.914	0.978	0.122
103	0.411	0.071	0.406	0.704
104	0.057	0.426	0.653	0.347
105	0.802	0.332	0.025	0.235
106	0.695	0.696	0.317	0.397
107	0.137	0.902	0.149	0.855
108	0.687	0.389	0.9	0.665
109	0.084	0.076	0.581	0.49
110	0.728	0.547	0.207	0.381
111	0.577	0.184	0.225	0.602
112	0.167	0.296	0.114	0.484
113	0.915	0.621	0.596	0.064
114	0.582	0.751	0.865	0.482
115	0.375	0.566	0.491	0.956
116	0.272	0.684	0.602	0.478
117	0.495	0.055	0.25	0.721
118	0.668	0.888	0.954	0.783
119	0.647	0.697	0.993	0.242
120	0.469	0.824	0.512	0.333
121	0.927	0.708	0.872	0.419
122	0.927	0.691	0.349	0.529
123	0.415	0.024	0.224	0.665
124	0.882	0.333	0.632	0.835
125	0.004	0.482	0.812	0.996
126	0.574	0.465	0.548	0.086
127	0.855	0.013	0.506	0.726
128	0.171	0.653	0.122	0.52
129	0.291	0.935	0.205	0.516
130	0.95	0.397	0.932	0.582
131	0.047	0.585	0.715	0.859
132	0.439	0.433	0.047	0.987
133	0.845	0.842	0.531	0.351
134	0.963	0.522	0.221	0.086
135	0.403	0.377	0.976	0.608
136	0.575	0.558	0.29	0.507
137	0.523	0.554	0.725	0.238
138	0.306	0.676	0.846	0.353
139	0.364	0.198	0.505	0.896
140	0.073	0.859	0.07	0.294
141	0.112	0.697	0.322	0.088
142	0.215	0.663	0.863	0.505
143	0.002	0.028	0.723	0.727
144	0.136	0.033	0.942	0.982
145	0.606	0.346	0.584	0.111
146	0.132	0.184	0.101	0.203
147	0.046	0.315	0.175	0.367
148	0.48	0.582	0.065	0.343
149	0.235	0.345	0.115	0.958
150	0.38	0.094	0.104	0.322
151	0.49	0.928	0.422	0.074
152	0.664	0.206	0.223	0.765
153	0.701	0.811	0.724	0.876
154	0.126	0.356	0.76	0.191
155	0.847	0.426	0.044	0.962
156	0.116	0.342	0.478	0.22
157	0.554	0.71	0.592	0.976
158	0.631	0.641	0.991	0.854
159	0.4	0.555	0.217	0.124
160	0.395	0.25	0.788	0.156
161	0.487	0.003	0.867	0.531
162	0.25	0.647	0.307	0.728
163	0.971	0.282	0.577	0.564
164	0.361	0.195	0.899	0.352
165	0.305	0.752	0.605	0.522
166	0.036	0.918	0.125	0.824
167	0.566	0.311	0.076	0.433
168	0.041	0.683	0.489	0.348
169	0.356	0.319	0.694	0.933
170	0.952	0.294	0.078	0.851
171	0.128	0.156	0.398	0.732
172	0.273	0.768	0.596	0.398
173	0.669	0.964	0.903	0.745
174	0.745	0.786	0.08	0.234
175	0.492	0.589	0.453	0.185
176	0.336	0.137	0.816	0.414
177	0.462	0.542	0.145	0.859
178	0.823	0.132	0.042	0.419
179	0.634	0.088	0.495	0.537
180	0.891	0.282	0.62	0.972
181	0.754	0.463	0.105	0.207
182	0.627	0.543	0.786	0.443
183	0.774	0.904	0.499	0.919
184	0.774	0.742	0.896	0.816
185	0.426	0.45	0.249	0.921
186	0.083	0.812	0.269	0.703
187	0.785	0.457	0.247	0.889
188	0.895	0.516	0.207	0.681
189	0.164	0.456	0.863	0.663
190	0.627	0.437	0.117	0.522
191	0.277	0.948	0.703	0.526
192	0.691	0.609	0.681	0.96
193	0.465	0.744	0.768	0.712
194	0.432	0.607	0.15	0.638
195	0.109	0.802	0.744	0.972
196	0.119	0.598	0.903	0.236
197	0.156	0.513	0.069	0.859
198	0.938	0.55	0.649	0.619
199	0.961	0.083	0.253	0.729
200	0.887	0.161	0.402	0.037
201	0.691	0.145	0.601	0.435
202	0.067	0.554	0.715	0.97
203	0.835	0.125	0.303	0.904
204	0.343	0.842	0.534	0.992
205	0.043	0.952	0.544	0.297
206	0.339	0.183	0.842	0.741
207	0.64	0.432	0.365	0.242
208	0.482	0.308	0.421	0.197
209	0.211	0.032	0.403	0.514
210	0.388	0.856	0.779	0.922
211	0.239	0.966	0.8	0.784
212	0.481	0.123	0.446	0.323
213	0.666	0.963	0.296	0.031
214	0.163	0.513	0.513	0.584
215	0.791	0.795	0.742	0.195
216	0.678	0.582	0.165	0.457
217	0.013	0.696	0.47	0.813
218	0.732	0.294	0.603	0.178
219	0.467	0.844	0.58	0.764
220	0.784	0.927	0.387	0.297
221	0.097	0.089	0.305	0.838
222	0.614	0.516	0.866	0.778
223	0.37	0.791	0.669	0.84
224	0.148	0.573	0.897	0.751
225	0.514	0.218	0.595	0.093
226	0.47	0.878	0.909	0.857
227	0.42	0.954	0.264	0.725
228	0.547	0.339	0.308	0.412
229	0.281	0.783	0.908	0.95
230	0.511	0.098	0.196	0.409
231	0.947	0.922	0.067	0.541
232	0.049	0.011	0.894	0.958
233	0.069	0.377	0.821	0.333
234	0.613	0.879	0.441	0.922
235	0.558	0.203	0.075	0.466
236	0.698	0.977	0.251	0.893
237	0.1	0.84	0.308	0.167
238	0.324	0.215	0.392	0.217
239	0.26	0.286	0.55	0.081
240	0.653	0.695	0.498	0.094
241	0.79	0.652	0.819	0.865
242	0.971	0.562	0.094	0.222
243	0.48	0.321	0.295	0.788
244	0.676	0.112	0.703	0.068
245	0.876	0.328	0.615	0.427
246	0.234	0.079	0.103	0.732
247	0.719	0.522	0.825	0.538
248	0.942	0.51	0.949	0.036
249	0.404	0.516	0.053	0.699
250	0.541	0.375	0.415	0.244
251	0.744	0.121	0.771	0.359
252	0.179	0.593	0.627	0.282
253	0.8	0.002	0.846	0.625
254	0.233	0.567	0.05	0.181
255	0.781	0.585	0.119	0.834
256	0.422	0.374	0.659	0.838
257	0.102	0.582	0.739	0.873
258	0.286	0.052	0.533	0.913
259	0.858	0.713	0.336	0.704
260	0.876	0.936	0.904	0.926
261	0.507	0.707	0.703	0.625
262	0.987	0.048	0.915	0.646
263	0.533	0.748	0.467	0.272
264	0.407	0.558	0.673	0.941
265	0.007	0.798	0.184	0.344
266	0.521	0.22	0.438	0.425
267	0.556	0.931	0.852	0.259
268	0.392	0.245	0.604	0.307
269	0.489	0.84	0.64	0.956
270	0.261	0.363	0.67	0.934
271	0.142	0.942	0.102	0.326
272	0.604	0.847	0.505	0.043
273	0.65	0.598	0.203	0.502
274	0.76	0.895	0.102	0.364
275	0.994	0.853	0.042	0.634
276	0.154	0.895	0.173	0.824
277	0.477	0.966	0.772	0.579
278	0.057	0.184	0.138	0.562
279	0.41	0.212	0.824	0.613
280	0.681	0.373	0.609	0.784
281	0.811	0.778	0.59	0.853
282	0.399	0.007	0.307	0.572
283	0.137	0.049	0.798	0.909
284	0.09	0.966	0.812	0.228
285	0.038	0.638	0.74	0.862
286	0.454	0.544	0.623	0.064
287	0.36	0.875	0.105	0.949
288	0.517	0.349	0.736	0.824
289	0.568	0.961	0.97	0.366
290	0.598	0.455	0.835	0.41
291	0.363	0.448	0.321	0.102
292	0.572	0.556	0.854	0.195
293	0.181	0.555	0.495	0.286
294	0.223	0.803	0.853	0.959
295	0.773	0.527	0.588	0.743
296	0.458	0.341	0.348	0.293
297	0.031	0.656	0.198	0.352
298	0.509	0.924	0.315	0.362
299	0.935	0.544	0.674	0.43
300	0.178	0.653	0.632	0.031
301	0.259	0.804	0.139	0.847
302	0.031	0.305	0.888	0.379
303	0.638	0.41	0.254	0.837
304	0.012	0.345	0.686	0.327
305	0.805	0.261	0.251	0.478
306	0.08	0.656	0.344	0.713
307	0.956	0.972	0.491	0.094
308	0.037	0.126	0.123	0.925
309	0.721	0.563	0.915	0.975
310	0.677	0.987	0.745	0.363
311	0.452	0.168	0.575	0.703
312	0.266	0.784	0.302	0.609
313	0.989	0.565	0.468	0.479
314	0.286	0.517	0.785	0.41
315	0.29	0.131	0.005	0.205
316	0.405	0.882	0.094	0.15
317	0.408	0.602	0.412	0.983
318	0.058	0.249	0.088	0.36
319	0.585	0.348	0.423	0.052
320	0.082	0.339	0.344	0.867
321	0.786	0.157	0.88	0.791
322	0.986	0.195	0.243	0.08
323	0.488	0.487	0.947	0.9
324	0.251	0.958	0.719	0.34
325	0.577	0.924	0.666	0
326	0.493	0.082	0.316	0.837
327	0.064	0.623	0.107	0.944
328	0.469	0.93	0.609	0.712
329	0.953	0.2	0.497	0.9
330	0.967	0.151	0.058	0.686
331	0.376	0.263	0.415	0.042
332	0.392	0.535	0.346	0.708
333	0.295	0.772	0.995	0.402
334	0.408	0.871	0.646	0.016
335	0.656	0.97	0.783	0.153
336	0.884	0.12	0.021	0.942
337	0.512	0.317	0.07	0.927
338	0.333	0.319	0.894	0.679
339	0.266	0.974	0.8	0.26
340	0.516	0.668	0.248	0.162
341	0.831	0.818	0.655	0.614
342	0.524	0.498	0.092	0.545
343	0.898	0.057	0.757	0.968
344	0.116	0.301	0.304	0.009
345	0.331	0.275	0.954	0.131
346	0.33	0.647	0.204	0.578
347	0.888	0.409	0.627	0.543
348	0.598	0.067	0.521	0.69
349	0.96	0.588	0.669	0.717
350	0.654	0.833	0.857	0.958
351	0.836	0.289	0.117	0.79
352	0.652	0.12	0.066	0.856
353	0.875	0.744	0.107	0.502
354	0.13	0.1	0.354	0.651
355	0.966	0.611	0.378	0.636
356	0.933	0.289	0.162	0.79
357	0.004	0.626	0.536	0.121
358	0.955	0.773	0.537	0.021
359	0.235	0.897	0.373	0.341
360	0.66	0.471	0.499	0.014
361	0.289	0.981	0.734	0.666
362	0.062	0.6	0.905	0.224
363	0.152	0.227	0.016	0.688
364	0.433	0.643	0.122	0.969
365	0.751	0.204	0.561	0.124
366	0.96	0.784	0.016	0.458
367	0.139	0.747	0.779	0.872
368	0.395	0.935	0.013	0.301
369	0.402	0.453	0.386	0.419
370	0.734	0.851	0.784	0.856
371	0.448	0.606	0.024	0.009
372	0.57	0.969	0.515	0.586
373	0.313	0.725	0.174	0.092
374	0.587	0.488	0.531	0.599
375	0.69	0.002	0.241	0.075
376	0.382	0.809	0.271	0.165
377	0.092	0.613	0.271	0.116
378	0.002	0.686	0.591	0.516
379	0.018	0.829	0.996	0.192
380	0.593	0.779	0.409	0.125
381	0.198	0.815	0.38	0.439
382	0.8	0.821	0.699	0.071
383	0.364	0.163	0.599	0.636
384	0.222	0.637	0.965	0.813
385	0.237	0.831	0.983	0.234
386	0.904	0.827	0.801	0.313
387	0.179	0.511	0.766	0.559
388	0.656	0.358	0.77	0.356
389	0.756	0.72	0.593	0.356
390	0.873	0.577	0.992	0.838
391	0.146	0.076	0.221	0.128
392	0.243	0.032	0.136	0.044
393	0.088	0.223	0.856	0.854
394	0.806	0.511	0.14	0.576
395	0.57	0.333	0.586	0.163
396	0.941	0.036	0.266	0.934
397	0.656	0.08	0.95	0.877
398	0.259	0.12	0.24	0.395
399	0.586	0.483	0.386	0.442
400	0.168	0.248	0.848	0.307
401	0.714	0.877	0.157	0.3
402	0.845	0.242	0.076	0.111
403	0.95	0.767	0.255	0.9
404	0.463	0.159	0.763	0.703
405	0.927	0.289	0.037	0.313
406	0.374	0.481	0.98	0.222
407	0.804	0.936	0.665	0.962
408	0.705	0.807	0.478	0.781
409	0.654	0.731	0.685	0.909
410	0.328	0.372	0.79	0.091
411	0.343	0.018	0.364	0.38
412	0.096	0.754	0.811	0.076
413	0.599	0.88	0.913	0.264
414	0.149	0.969	0.648	0.627
415	0.566	0.281	0.481	0.251
416	0.112	0.579	0.562	0.901
417	0.637	0.245	0.688	0.002
418	0.019	0.098	0.379	0.83
419	0.356	0.429	0.053	0.268
420	0.894	0.417	0.663	0.542
421	0.412	0.109	0.325	0.893
422	0.515	0.005	0.939	0.076
423	0.609	0.714	0.151	0.297
424	0.776	0.316	0.813	0.155
425	0.986	0.511	0.575	0.039
426	0.268	0.933	0.197	0.931
427	0.241	0.343	0.584	0.566
428	0.944	0.08	0.242	0.882
429	0.148	0.491	0.87	0.299
430	0.585	0.074	0.104	0.398
431	0.25	0.384	0.741	0.825
432	0.52	0.093	0.356	0.716
433	0.832	0.957	0.368	0.416
434	0.604	0.359	0.603	0.846
435	0.759	0.994	0.733	0.629
436	0.521	0.215	0.367	0.625
437	0.596	0.875	0.997	0.337
438	0.42	0.857	0.792	0.776
439	0.817	0.608	0.53	0.184
440	0.053	0.789	0.383	0.656
441	0.625	0.415	0.628	0.358
442	0.921	0.879	0.259	0.288
443	0.872	0.884	0.378	0.869
444	0.077	0.288	0.078	0.87
445	0.651	0.686	0.672	0.182
446	0.695	0.235	0.659	0.078
447	0.294	0.702	0.306	0.922
448	0.351	0.843	0.939	0.61
449	0.442	0.481	0.015	0.82
450	0.236	0.898	0.639	0.314
451	0.703	0.965	0.454	0.375
452	0.324	0.07	0.382	0.983
453	0.273	0.277	0.85	0.579
454	0.91	0.929	0.042	0.849
455	0.172	0.291	0.02	0.187
456	0.37	0.423	0.009	0.009
457	0.777	0.712	0.702	0.231
458	0.849	0.555	0.157	0.23
459	0.304	0.503	0.815	0.155
460	0.014	0.065	0.011	0.056
461	0.55	0.228	0.205	0.571
462	0.316	0.941	0.838	0.326
463	0.575	0.103	0.662	0.277
464	0.749	0.125	0.889	0.905
465	0.427	0.21	0.859	0.243
466	0.94	0.257	0.429	0.952
467	0.343	0.502	0.541	0.547
468	0.957	0.863	0.014	0.795
469	0.964	0.37	0.292	0.626
470	0.626	0.375	0.771	0.514
471	0.127	0.942	0.49	0.986
472	0.854	0.926	0.441	0.283
473	0.754	0.625	0.379	0.296
474	0.452	0.252	0.036	0.466
475	0.225	0.43	0.417	0.517
476	0.064	0.143	0.431	0.835
477	0.711	0.962	0.599	0.201
478	0.783	0.054	0.873	0.225
479	0.751	0.979	0.963	0.131
480	0.135	0.583	0.527	0.172
481	0.574	0.397	0.479	0.992
482	0.535	0.055	0.057	0.965
483	0.714	0.676	0.852	0.313
484	0.8	0.096	0.932	0.673
485	0.269	0.424	0.299	0.232
486	0.574	0.367	0.137	0.101
487	0.186	0.675	0.936	0.664
488	0.85	0.199	0.722	0.906
489	0.612	0.62	0.841	0.464
490	0.718	0.264	0.029	0.649
491	0.349	0.918	0.361	0.649
492	0.916	0.223	0.517	0.053
493	0.056	0.239	0.999	0.991
494	0.666	0.841	0.102	0.388
495	0.267	0.001	0.367	0.108
496	0.3	0.826	0.729	0.329
497	0.666	0.679	0.393	0.028
498	0.543	0.944	0.55	0.06
499	0.873	0.116	0.236	0.872
500	0.14	0.538	0.948	0.242
501	0.695	0.509	0.927	0.063
502	0.392	0.363	0.442	0.121
503	0.917	0.787	0.371	0.311
504	0.698	0.854	0.758	0.248
505	0.755	0.121	0.03	0.991
506	0.138	0.131	0.532	0.086
507	0.458	0.781	0.882	0.385
508	0.499	0.777	0.208	0.941
509	0.9	0.858	0.685	0.272
510	0.5	0.97	0.023	0.258
511	0.937	0.014	0.339	0.968
512	0.333	0.105	0.136	0.865
513	0.509	0.323	0.973	0.39
514	0.817	0.889	0.484	0.025
515	0.382	0.925	0.688	0.067
516	0.857	0.567	0.166	0.88
517	0.384	0.818	0.839	0.724
518	0.844	0.057	0.891	0.979
519	0.082	0.488	0.244	0.055
520	0.951	0.872	0.767	0.436
521	0.597	0.818	0.821	0.285
522	0.018	0.142	0.452	0.184
523	0.277	0.569	0.84	0.116
524	0.626	0.959	0.349	0.517
525	0.27	0.599	0.426	0.514
526	0.305	0.465	0.525	0.072
527	0.422	0.669	0.718	0.243
528	0.603	0.261	0.096	0.055
529	0.118	0.332	0.015	0.959
530	0.307	0.584	0.407	0.656
531	0.346	0.927	0.7	0.772
532	0.354	0.077	0.905	0.879
533	0.806	0.301	0.818	0.524
534	0.771	0.127	0.806	0.867
535	0.252	0.985	0.514	0.266
536	0.962	0.574	0.529	0.369
537	0.63	0.715	0.157	0.33
538	0.597	0.684	0.564	0.502
539	0.713	0.307	0.864	0.531
540	0.409	0.302	0.958	0.214
541	0.14	0.466	0.155	0.654
542	0.099	0.615	0.306	0.628
543	0.536	0.257	0.699	0.693
544	0.187	0.29	0.271	0.751
545	0.834	0.465	0.099	0.698
546	0.93	0.106	0.298	0.888
547	0.467	0.028	0.787	0.622
548	0.52	0.721	0.297	0.826
549	0.281	0.362	0.606	0.98
550	0.193	0.167	0.345	0.464
551	0.137	0.298	0.383	0.236
552	0.378	0.166	0.102	0.676
553	0.423	0.144	0.083	0.21
554	0.764	0.729	0.487	0.061
555	0.836	0.342	0.918	0.443
556	0.973	0.636	0.489	0.318
557	0.407	0.455	0.397	0.79
558	0.392	0.168	0.858	0.494
559	0.912	0.917	0.988	0.995
560	0.754	0.759	0.855	0.241
561	0.411	0.078	0.161	0.328
562	0.483	0.301	0.156	0.972
563	0.256	0.379	0.074	0.653
564	0.765	0.045	0.337	0.623
565	0.181	0.535	0.456	0.169
566	0.582	0.923	0.289	0.438
567	0.108	0.848	0.242	0.269
568	0.762	0.752	0.478	0.918
569	0.097	0.174	0.103	0.171
570	0.272	0.936	0.872	0.608
571	0.412	0.789	0.094	0.868
572	0.624	0.45	0.881	0.913
573	0.045	0.021	0.737	0.287
574	0.913	0.049	0.042	0.391
575	0.766	0.488	0.14	0.869
576	0.967	0.14	0.595	0.839
577	0.154	0.251	0.538	0.248
578	0.496	0.872	0.569	0.377
579	0.457	0.421	0.805	0.194
580	0.095	0.107	0.757	0.137
581	0.723	0.902	0.985	0.863
582	0.644	0.83	0.911	0.239
583	0.659	0.393	0.92	0.197
584	0.039	0.693	0.514	0.608
585	0.298	0.065	0.491	0.104
586	0.199	0.199	0.365	0.956
587	0.863	0.679	0.238	0.849
588	0.008	0.493	0.373	0.92
589	0.042	0.579	0.126	0.963
590	0.767	0.002	0.469	0.281
591	0.539	0.579	0.675	0.03
592	0.934	0.229	0.882	0.299
593	0.217	0.162	0.863	0.455
594	0.405	0.463	0.504	0.778
595	0.236	0.82	0.962	0.362
596	0.738	0.129	0.785	0.207
597	0.395	0.745	0.989	0.07
598	0.672	0.004	0.004	0.554
599	0.188	0.771	0.465	0.051
600	0.476	0.456	0.689	0.98
;

param y_test :=
1	1
2	-1
3	1
4	-1
5	-1
6	1
7	-1
8	1
9	1
10	-1
11	-1
12	1
13	-1
14	1
15	1
16	1
17	-1
18	-1
19	1
20	-1
21	-1
22	1
23	1
24	1
25	-1
26	1
27	-1
28	-1
29	1
30	-1
31	1
32	1
33	1
34	1
35	-1
36	-1
37	-1
38	1
39	1
40	-1
41	1
42	1
43	1
44	-1
45	-1
46	1
47	-1
48	1
49	1
50	1
51	-1
52	-1
53	-1
54	-1
55	1
56	-1
57	-1
58	-1
59	-1
60	-1
61	-1
62	1
63	1
64	1
65	-1
66	-1
67	1
68	1
69	1
70	-1
71	-1
72	1
73	1
74	-1
75	1
76	-1
77	1
78	1
79	1
80	1
81	1
82	1
83	-1
84	1
85	1
86	-1
87	1
88	1
89	1
90	1
91	1
92	-1
93	-1
94	-1
95	-1
96	1
97	-1
98	1
99	1
100	-1
101	-1
102	1
103	-1
104	-1
105	-1
106	1
107	-1
108	1
109	-1
110	-1
111	-1
112	-1
113	1
114	1
115	1
116	1
117	-1
118	1
119	1
120	1
121	1
122	1
123	-1
124	1
125	1
126	-1
127	1
128	-1
129	-1
130	1
131	1
132	-1
133	1
134	-1
135	1
136	-1
137	1
138	1
139	-1
140	-1
141	-1
142	1
143	-1
144	1
145	-1
146	-1
147	-1
148	-1
149	-1
150	-1
151	-1
152	-1
153	1
154	-1
155	1
156	-1
157	1
158	1
159	-1
160	-1
161	1
162	-1
163	1
164	-1
165	1
166	-1
167	-1
168	-1
169	1
170	1
171	-1
172	1
173	1
174	-1
175	-1
176	1
177	1
178	-1
179	-1
180	1
181	-1
182	-1
183	1
184	1
185	-1
186	-1
187	1
188	-1
189	1
190	-1
191	1
192	1
193	1
194	-1
195	1
196	-1
197	-1
198	1
199	1
200	-1
201	-1
202	1
203	-1
204	1
205	-1
206	1
207	-1
208	-1
209	-1
210	1
211	1
212	-1
213	-1
214	-1
215	1
216	-1
217	-1
218	-1
219	1
220	1
221	-1
222	-1
223	1
224	1
225	1
226	1
227	1
228	-1
229	1
230	-1
231	1
232	-1
233	-1
234	1
235	-1
236	1
237	-1
238	-1
239	-1
240	-1
241	1
242	-1
243	-1
244	-1
245	1
246	-1
247	1
248	1
249	-1
250	-1
251	-1
252	-1
253	1
254	-1
255	1
256	1
257	1
258	-1
259	1
260	1
261	1
262	1
263	1
264	1
265	-1
266	-1
267	1
268	-1
269	1
270	1
271	-1
272	-1
273	-1
274	1
275	1
276	1
277	1
278	-1
279	1
280	1
281	1
282	-1
283	-1
284	1
285	1
286	-1
287	1
288	1
289	1
290	1
291	-1
292	1
293	-1
294	1
295	1
296	-1
297	-1
298	1
299	1
300	-1
301	1
302	-1
303	1
304	-1
305	-1
306	-1
307	1
308	-1
309	1
310	1
311	-1
312	-1
313	1
314	-1
315	-1
316	-1
317	1
318	-1
319	-1
320	-1
321	1
322	-1
323	1
324	1
325	-1
326	-1
327	-1
328	1
329	1
330	-1
331	-1
332	-1
333	1
334	-1
335	1
336	-1
337	-1
338	1
339	1
340	-1
341	-1
342	-1
343	-1
344	1
345	-1
346	-1
347	1
348	-1
349	1
350	1
351	1
352	-1
353	1
354	-1
355	1
356	1
357	-1
358	1
359	-1
360	-1
361	1
362	-1
363	-1
364	1
365	-1
366	1
367	1
368	-1
369	-1
370	1
371	-1
372	1
373	-1
374	1
375	-1
376	-1
377	-1
378	-1
379	1
380	-1
381	-1
382	-1
383	-1
384	1
385	1
386	-1
387	1
388	1
389	1
390	1
391	-1
392	-1
393	1
394	1
395	-1
396	1
397	1
398	-1
399	-1
400	-1
401	1
402	-1
403	1
404	1
405	-1
406	1
407	1
408	1
409	1
410	-1
411	-1
412	1
413	1
414	1
415	-1
416	1
417	-1
418	-1
419	-1
420	1
421	-1
422	-1
423	-1
424	1
425	1
426	1
427	-1
428	1
429	-1
430	-1
431	1
432	-1
433	1
434	1
435	1
436	-1
437	1
438	1
439	1
440	-1
441	1
442	1
443	1
444	-1
445	1
446	-1
447	1
448	1
449	-1
450	1
451	1
452	-1
453	-1
454	1
455	-1
456	-1
457	1
458	-1
459	-1
460	-1
461	-1
462	-1
463	-1
464	1
465	-1
466	1
467	-1
468	1
469	1
470	1
471	1
472	1
473	1
474	-1
475	-1
476	-1
477	1
478	-1
479	1
480	-1
481	1
482	-1
483	1
484	1
485	-1
486	-1
487	1
488	1
489	1
490	-1
491	1
492	-1
493	1
494	-1
495	-1
496	1
497	-1
498	-1
499	1
500	-1
501	1
502	-1
503	1
504	1
505	1
506	-1
507	1
508	1
509	1
510	-1
511	1
512	-1
513	1
514	1
515	1
516	1
517	1
518	1
519	-1
520	1
521	1
522	-1
523	-1
524	1
525	-1
526	-1
527	-1
528	-1
529	-1
530	-1
531	1
532	1
533	1
534	1
535	1
536	1
537	-1
538	1
539	1
540	-1
541	-1
542	1
543	1
544	-1
545	-1
546	1
547	-1
548	1
549	1
550	-1
551	1
552	-1
553	-1
554	1
555	1
556	1
557	1
558	-1
559	1
560	1
561	-1
562	-1
563	-1
564	-1
565	-1
566	1
567	-1
568	1
569	-1
570	1
571	-1
572	1
573	-1
574	1
575	1
576	1
577	-1
578	1
579	-1
580	-1
581	1
582	1
583	1
584	-1
585	-1
586	-1
587	1
588	-1
589	-1
590	-1
591	-1
592	1
593	-1
594	1
595	1
596	-1
597	1
598	-1
599	-1
600	1
;