# -------------------------- NON-LINEARLY SEPARABLE DATA -------------------------- #

param m := 1400;
param m_test := 600;
param n := 4;
param nu := 0.3;

param A_train : 1 2 3 :=
1	0.647761807	18.70121284	7.805560217
2	-8.415386192	0.039659678	-5.345621102
3	-3.993923294	10.93033385	-9.940332237
4	10.77693402	4.57915013	-5.592184574
5	6.087326432	9.996700095	-9.731441503
6	5.886967666	15.58689397	3.008439873
7	-6.910941546	4.122521602	5.391590832
8	5.992911228	20.12857238	2.744276255
9	-8.717951053	11.16263644	2.253282306
10	8.232161451	17.84158252	10.34448274
11	-9.488491097	12.74192502	0.371746739
12	1.898594048	18.24958657	-10.96254839
13	-8.63288238	10.39898975	2.427391615
14	-7.004473191	5.270019305	5.459087396
15	1.443729818	4.144109249	-4.808610911
16	-0.97903766	8.772161719	7.843265684
17	4.669750974	0.453387254	-10.49520838
18	12.3572767	5.906303057	3.240992953
19	1.861536884	16.12654054	7.324790613
20	1.295547583	3.465355419	-4.867824586
21	8.808926827	11.48593531	-7.68847681
22	3.00246529	5.03939696	13.50937198
23	-2.249234831	4.942071747	7.81275142
24	-9.211962724	14.77891249	-2.99314045
25	8.390107841	10.35349471	-8.410207098
26	12.7519806	12.4936624	1.70118777
27	3.56911037	8.883040601	-3.961997621
28	3.68685957	18.30585101	13.49267314
29	8.531947051	15.71429857	10.57747699
30	7.830326072	8.033246811	-8.904922083
31	4.022197371	13.95360757	-4.089605495
32	7.213671912	13.66217172	11.50310597
33	1.83701905	20.6933345	-4.75820664
34	-3.839858971	9.316544236	7.401372521
35	3.725560761	9.188526352	13.36601392
36	1.182862965	5.132402776	-4.829366489
37	5.239529248	3.542669805	-2.650614104
38	2.347636523	10.40457806	7.112146417
39	-7.163385184	5.701921687	-7.223274781
40	12.2292879	9.868070748	-1.53796586
41	4.374694785	18.12351882	5.928905968
42	-4.824303279	9.265825781	-9.418610835
43	-5.360661486	13.9238988	6.705000106
44	-1.206160047	14.61219093	7.750623576
45	5.821346374	7.623933402	12.42427969
46	7.636873001	12.18994816	-9.040844738
47	10.85878435	18.45171524	7.303782857
48	12.2852975	2.645641197	3.875779111
49	-0.023986045	18.45543345	-11.01559137
50	5.81305075	20.14855348	-1.500918819
51	-8.469037188	16.71387597	-5.139868346
52	-9.450617035	2.128261623	-3.228812747
53	5.946875084	2.051456145	-1.27563085
54	6.272798181	18.05127567	2.442786179
55	5.416177461	5.847395664	4.2506105
56	6.000944717	18.61265503	2.964141184
57	4.469436876	6.830128949	-10.63974383
58	-1.588332155	1.716969374	-10.64426175
59	-7.969428312	16.92517079	-5.82551685
60	-8.729578154	6.928364948	-4.887292204
61	-8.544355644	8.019251436	3.215894169
62	5.849857857	18.17193064	3.217569245
63	-8.335786441	12.21633619	-5.448723231
64	6.250737163	16.47950397	-0.479945311
65	1.026390911	6.862113997	7.760247801
66	9.697545227	9.598661715	-7.006664143
67	-9.358374589	16.01048431	0.737252238
68	-9.363904174	17.41902258	-2.774883012
69	-7.998652613	10.18995785	4.03758192
70	4.738771253	16.85391405	5.578745161
71	-8.645459202	4.061380245	-4.61823786
72	-3.473414875	8.037516619	7.646570957
73	-6.944455624	14.56744844	5.284330992
74	-0.223482176	7.218290427	7.931416833
75	11.8814609	5.189953015	-3.065469277
76	5.757350565	20.22103417	-1.68184981
77	3.326903456	1.534279081	-4.206572984
78	4.648183961	18.3854141	13.20541807
79	4.952731864	3.406219693	12.82506576
80	3.023497388	15.9492329	6.618239973
81	5.847877754	1.532214128	-9.73354466
82	3.742483324	20.67320944	-4.110464258
83	-3.303511177	16.35018551	-9.973045346
84	6.14885878	8.78566719	2.741221903
85	-6.851422575	5.798302666	5.536578914
86	11.68720568	19.01719401	5.234357369
87	-2.299311485	17.13019988	7.740982587
88	-3.046423294	5.407642255	7.741770669
89	-3.936939963	3.302553225	-9.849378859
90	4.199010782	19.54074283	13.16389454
91	4.949554883	15.7501576	5.25247377
92	-6.582618552	15.53908275	5.720339729
93	11.86284041	17.34776694	-3.444936961
94	-8.271289716	13.61492453	-6.052613597
95	-9.237024244	0.551755549	0.722500083
96	12.15177828	13.89762342	3.997202862
97	-6.695065313	19.08317795	-7.991672079
98	-9.401572004	14.51003197	-2.28835763
99	-4.885508378	8.216687257	-9.151314845
100	6.483249907	20.08502309	0.579832331
101	-9.290850729	10.46337205	-2.035680744
102	9.446349243	8.412505429	9.543866216
103	-6.307622478	14.25472311	6.187446699
104	8.403977651	14.02757094	-8.239519486
105	10.35425515	18.66954266	8.065442597
106	-7.084264751	5.181768695	-7.358592582
107	12.50876872	14.82532933	2.166058228
108	3.597522063	-0.010776832	-10.821438
109	6.399330549	11.89220112	0.424957967
110	11.6201997	4.756981435	-3.776671497
111	5.133155492	13.93322628	-2.704463699
112	4.996273222	20.10426033	4.901701557
113	5.109521822	14.54187768	-2.689981506
114	2.468232395	5.174038723	7.044348226
115	11.32799516	17.7313665	6.608939719
116	12.37946352	13.04019568	1.128543612
117	-8.245631682	13.19263199	-5.653950033
118	10.26136038	15.66740783	-6.332770689
119	3.055241977	7.130733867	-10.72723031
120	6.380211686	15.84549108	1.189478655
121	2.967343661	2.114181849	6.870182809
122	-8.814208189	6.620738117	-4.375451871
123	-4.909847785	20.81359688	7.044924001
124	12.06220698	7.977646366	5.087717379
125	0.265342491	9.818779737	-4.714570431
126	0.095349561	16.6478912	7.934841177
127	-5.996250405	2.093534245	-8.614592313
128	3.417764164	1.58721644	-4.154060081
129	0.400441359	19.35722794	-4.631298551
130	6.127083043	9.492537143	-0.399301833
131	-5.872279655	14.62823749	-8.569176869
132	11.89787642	15.14246472	-3.234519986
133	-5.181640285	13.98004698	-9.053665401
134	4.8035497	11.20305314	13.00789485
135	11.39823033	6.854310067	-4.217481235
136	-9.025384556	18.6100051	-3.13163409
137	-9.468471564	4.251387326	-0.643639928
138	3.820228338	3.033256099	13.48054287
139	3.216736913	2.440442451	-4.213170693
140	4.204297493	11.36784798	-10.35405748
141	1.040198161	2.872744005	14.17804193
142	-9.507769973	20.48520296	-1.05069565
143	12.20377138	12.42514695	4.806947656
144	4.518986268	16.61090564	-3.315143693
145	1.818665649	0.746698214	-10.89436852
146	6.296105936	0.880266097	2.535098982
147	-7.88853597	18.17924561	4.022181563
148	5.754110589	0.021617823	12.37986772
149	9.726454589	13.16829896	9.066095128
150	2.241658801	1.168298305	-4.453269491
151	-9.443530975	5.29727513	-0.207591617
152	7.50747513	1.806776868	11.25700448
153	-8.697670293	12.8836189	2.336521434
154	-8.833870778	17.91285466	-4.323121981
155	1.679199804	11.49521777	7.341823823
156	9.852394873	8.115580667	8.89352331
157	9.660800479	5.216699387	9.414025777
158	-6.866369482	14.16385692	-7.625921399
159	-6.259507949	12.43477999	-8.154855582
160	0.710962094	12.03451478	-11.10074997
161	5.454797889	11.3293837	-2.242113242
162	1.753285258	15.96647761	-4.707457961
163	10.74519368	1.498830661	7.749133804
164	6.129302799	-0.07151809	2.804096388
165	11.83150189	15.74479025	5.354778327
166	-9.389739217	7.777041143	0.831487008
167	0.605690578	0.489032245	14.17988019
168	1.560607281	10.53540994	-11.0346068
169	4.510147178	2.233616994	5.723956549
170	6.366003405	10.99045771	2.077368153
171	5.443825786	15.75405785	3.940197422
172	3.188025379	15.73850571	-4.212651693
173	-7.360714664	4.465602001	5.051602107
174	4.20364001	7.424467967	13.19729552
175	1.674439595	3.364296576	7.507739512
176	10.56093987	5.729299018	-5.767632712
177	-7.094715404	3.890204871	5.178255559
178	5.649119315	16.73856692	-1.961871317
179	0.979683669	13.73840173	-11.18014368
180	8.755118185	6.709037738	-7.865978089
181	-0.783061097	20.53850043	7.691408717
182	5.049842942	5.861198013	-2.674332248
183	3.069096156	5.071654093	13.61988688
184	-8.80615535	14.46591309	2.59503156
185	-6.001881651	18.0283156	6.173785849
186	-6.641843027	0.031823146	5.752578882
187	6.150636678	11.30650335	2.315742584
188	-9.410559207	9.479415554	-0.30132309
189	-6.740037681	13.38095116	-7.985650193
190	1.05992427	3.008284548	14.02013688
191	7.267478121	3.539891462	-9.046078215
192	-9.222275071	3.732675338	-2.599918989
193	2.396607475	9.787245427	-4.440378802
194	5.298361111	17.12828508	-10.2666299
195	5.990203462	2.13093309	-1.09017853
196	-9.316672015	20.06707882	-2.071948196
197	11.78631143	7.087944822	-3.433751609
198	6.285127491	8.772767457	-9.744822549
199	6.206372951	15.25952079	0.30856324
200	0.70470724	18.07283097	-10.97723381
201	11.19604302	5.69981459	6.874115946
202	1.472153481	8.633475373	-4.793635578
203	-8.627157965	14.81097496	-4.666624668
204	6.487632117	11.40495456	1.888756489
205	1.603147874	15.47771207	7.373977404
206	-8.341373717	13.06961007	3.307819451
207	5.434190888	5.792975655	-2.304132774
208	12.03850751	6.906158901	4.705672621
209	-4.305622357	9.656800985	-9.585925877
210	1.76835728	7.887506177	-11.04515591
211	-1.558755971	9.891701729	-10.54653191
212	0.712227069	3.678661069	14.28012549
213	-9.559470188	12.25498499	0.264331142
214	-0.949672301	6.73998147	-10.88253925
215	5.705827018	4.861308866	12.33831063
216	4.075047571	1.308597059	-3.851154715
217	11.84148206	8.449775369	-2.691090617
218	1.363946658	9.747115455	-4.779597461
219	2.070450513	17.20925004	-4.726916518
220	4.262417919	11.44726489	-3.546699981
221	-1.10174157	8.509001893	7.580646683
222	0.108901445	7.854451191	-4.747418665
223	3.604497605	11.93422359	6.217694341
224	1.450246815	3.548136156	7.467487501
225	-5.9056455	9.629354991	-8.670217827
226	1.260211674	3.715519991	-11.0182288
227	6.810164603	10.66304727	-9.367799688
228	3.794808239	1.95858039	13.5432717
229	2.884582843	16.15398268	6.716046438
230	10.17951732	12.2326013	-6.602890134
231	-3.675613158	12.67119432	-10.12730005
232	-9.410558211	9.100072696	0.077397321
233	-2.245067179	2.938779566	-10.57851692
234	-8.067597825	17.86354936	3.696504698
235	-9.200040419	18.3769801	1.017349829
236	5.625062051	19.38713459	4.101074847
237	-2.953679543	14.33020338	7.586488689
238	9.481721287	0.551645568	9.152320721
239	1.456534959	19.01544444	-10.97463691
240	0.995013219	17.95796626	-4.759246083
241	-5.328739177	10.20436248	6.504464773
242	3.945220712	15.40228696	6.109076123
243	6.270693667	13.46727933	2.213204385
244	11.92509608	11.99529244	4.281304211
245	4.72378647	2.576063963	-2.833739721
246	3.471636767	13.43442496	-4.240282528
247	-2.610450001	9.965795496	-10.26328454
248	0.626420101	2.715697789	-11.03291952
249	4.049219915	5.773408635	6.006686713
250	-7.997155549	3.888689249	-5.997846624
251	6.407078431	5.755375724	11.96014494
252	-8.002897445	10.95103566	-6.271405893
253	-1.149341948	0.718591749	-10.73551206
254	1.540954902	10.8471963	14.11001097
255	-1.769905197	9.525840707	7.984791634
256	4.317063714	1.541104728	13.03332738
257	-0.027061573	7.20751599	7.848792705
258	4.089250192	9.051439869	-3.83348329
259	0.34683818	8.783230117	14.06093771
260	4.875474607	13.86569534	-2.936290298
261	2.079846867	4.250291472	7.260981341
262	0.324740751	19.7646786	7.860144113
263	2.605038453	10.73951565	6.96235107
264	-9.146975497	11.71915299	-3.545403291
265	10.16145187	20.24201307	-6.473770368
266	8.597033101	8.519048303	10.46382067
267	3.793560082	11.52781818	6.266533393
268	5.66044659	15.05558172	-1.512388217
269	-5.190197164	18.9044317	6.813715585
270	6.587965841	11.53912423	11.88923829
271	2.143973114	15.29750949	13.7962604
272	-7.333476613	5.184614376	4.857231798
273	-8.106223214	5.768653218	-6.203084429
274	-2.732838556	5.420092553	-10.40774232
275	5.61199615	16.49108862	12.5001699
276	-4.74850458	20.95344337	-9.544126423
277	5.479909851	15.17141828	-2.365525609
278	-6.957802361	17.24174366	-7.411121044
279	3.769804615	16.55771621	6.244751646
280	-3.319299886	18.55690118	7.662076389
281	7.450907801	10.69684155	-9.088822764
282	5.227906836	20.06289811	-2.73671794
283	4.105595635	20.57597337	13.26314156
284	5.182621633	5.431756955	4.531336732
285	4.371368863	11.90195412	-10.43622407
286	-9.595045386	11.92458509	0.187850701
287	12.62868162	19.45111331	0.121191063
288	6.95404653	0.987236629	-9.176529246
289	-1.28501008	7.051727427	-10.61429904
290	1.733316622	3.819431659	7.453917373
291	-8.905716445	8.403534766	-4.357425169
292	-7.606130067	11.79932301	4.55533122
293	1.25839447	9.207596956	-4.853571989
294	8.245756301	4.695943818	10.5478181
295	0.823907573	0.297977115	-10.96126032
296	-6.919988663	8.451024534	-7.300415466
297	11.49903206	15.82711025	6.130128176
298	4.347248561	16.1142507	13.06243593
299	-1.596643412	17.63695109	7.801364983
300	1.011322778	1.700942512	-4.972011081
301	4.397791434	5.790364427	-3.328611942
302	4.819420012	10.42951966	5.23027674
303	10.48459007	19.835922	-6.03369556
304	-4.342472998	15.13242461	7.176708745
305	1.406434295	9.076101414	-4.918364117
306	3.926012115	1.947288368	-3.923202124
307	2.290283848	20.38068507	7.108187201
308	-3.389300676	16.58247626	7.466925444
309	-5.157923133	4.761486041	6.676337675
310	12.48676565	1.405019703	1.635128316
311	0.253188542	10.54482662	-4.751508651
312	-4.848062628	16.73479816	-9.399971754
313	0.376747253	15.20117517	-4.735551632
314	-7.127914923	1.981004031	4.918993645
315	5.618199799	20.10186904	4.129598732
316	-7.47646739	12.95881085	-6.866855716
317	6.372845491	8.382730235	1.619563505
318	-7.980752486	7.135390797	-6.0068742
319	-4.145546362	4.447079895	7.293696082
320	9.991892401	17.96769577	-6.253182694
321	-2.654487789	2.127032169	7.713792663
322	0.558946799	1.756294571	-4.832552644
323	7.993573632	17.28688602	10.80432514
324	-9.330649093	2.856144167	-2.403926161
325	12.6981252	5.782609093	1.710776603
326	1.112638004	20.39871734	-4.796442345
327	6.329603434	15.79087666	2.153619693
328	-5.106759546	0.231487095	-9.131728867
329	-0.411865203	14.67876524	-10.89981359
330	5.822373958	10.7413811	3.679384504
331	-9.141905111	20.19766908	-3.578977858
332	4.913737021	4.700900444	-3.062152712
333	-8.802620288	19.44990329	2.912031723
334	0.158904872	9.836328234	7.619320687
335	-9.248376051	12.53786252	0.801651904
336	6.144999917	12.17093261	-0.055671454
337	-8.637118294	6.59301243	2.916792672
338	5.674485324	17.59849316	3.064352744
339	-8.985630251	3.665602035	1.245114713
340	2.102445997	11.09215574	7.264727968
341	-8.554921935	11.72506478	3.109097236
342	4.705122217	2.059596737	-3.315181383
343	2.774823358	1.538423773	-4.581599634
344	7.417704801	12.57202882	-9.033098758
345	6.352477351	10.77063681	0.558813067
346	4.937086438	15.90151155	-10.34630132
347	6.611244623	-0.007270965	12.03734957
348	-7.475302362	7.973854449	-7.335391463
349	-9.149018656	20.09232187	1.628124555
350	6.26004546	10.88580208	1.244648177
351	7.779985295	4.535278517	11.02761989
352	3.79028813	0.47341195	6.239189527
353	3.645854003	17.63409226	-10.68176981
354	-2.5488694	17.00136995	7.608698232
355	5.813923181	18.77922352	-1.450215192
356	9.735998984	15.03970776	9.110358076
357	12.59653742	14.64064551	0.186605221
358	-1.581327081	11.47752776	7.7681054
359	-5.059078203	20.91962909	-9.171733092
360	3.666055933	19.41933082	-4.122991308
361	-9.419808063	13.15079025	-1.039261613
362	0.464893237	7.371540769	-10.96958243
363	1.285352999	16.70237921	14.08500062
364	-5.341322883	7.728687218	-8.938065392
365	6.381222489	12.26970072	2.081007482
366	6.276279924	7.865089138	-0.696723712
367	12.51292007	10.93358366	-0.919332937
368	3.990126685	4.316633656	-3.646580854
369	12.14921562	12.88536106	-1.725286353
370	10.08806374	2.317769811	8.753824912
371	11.43738289	10.40934044	-4.474960933
372	11.18048991	3.501646295	6.862918616
373	0.381154777	13.27583985	-4.692481031
374	4.079555255	6.337710332	5.808167502
375	-9.186226177	10.52381983	1.107914826
376	2.742024599	3.843307117	-11.0709556
377	0.318579602	16.1611754	7.718071977
378	-1.790858321	10.75172018	7.956726046
379	10.15582937	12.94747764	-6.519915959
380	-7.971648115	19.5975262	-6.082658082
381	6.107947816	13.9681257	-10.03148527
382	3.272965714	10.04072131	-10.70831403
383	5.806407966	5.743574318	12.50912864
384	10.41476711	16.76919131	8.224563801
385	-9.265842606	11.40807098	0.984502209
386	5.723264262	10.07312655	3.996554819
387	6.076141661	10.93827298	2.993688659
388	11.79066134	13.34629328	4.966918192
389	-7.008797102	1.266115834	-7.467901381
390	10.96842334	14.08223848	7.457990172
391	-5.972647174	18.56662738	6.146785087
392	8.049236887	6.587670776	10.75783861
393	1.043021275	8.186894422	7.866136338
394	-7.764949793	9.767166513	4.144729634
395	4.058342258	12.40269836	-3.825070196
396	-8.647516904	11.59587907	2.431708563
397	-9.440481315	3.584113031	-2.287652903
398	-1.614045483	11.08828303	-10.76037144
399	11.74951947	6.485986428	5.323059379
400	-5.875224114	13.33548311	6.127074873
401	8.189492286	5.901712226	-8.362926776
402	7.423596407	3.680724176	-9.134154028
403	-5.971574205	15.2774371	6.461079269
404	-9.405438159	9.890472524	-1.035707411
405	-7.536380155	9.693345784	4.827750898
406	4.82987201	18.4935216	12.93384368
407	3.162707774	16.59675128	6.558257914
408	-4.952609776	9.266888357	6.97442751
409	-6.752282175	1.950162498	5.320637726
410	12.44926167	15.22912026	0.515615847
411	3.79570974	21.00685162	6.016396265
412	6.17787473	5.88321205	1.776701504
413	1.163208223	15.74622329	-4.934293251
414	1.09721268	19.10308491	-4.823985438
415	-7.687363567	0.870961115	4.625627869
416	6.311332036	9.445324567	2.317282732
417	5.53449732	10.52721506	4.087769164
418	-2.974056593	5.854129779	-10.2546766
419	-7.82106628	12.4814225	4.516167903
420	5.986057572	19.17811325	-0.377360427
421	1.275773196	18.70118636	-11.07354287
422	-4.312723362	2.395020047	7.155408964
423	2.752737544	5.73424557	7.07494398
424	-8.211674956	16.02677958	-6.033066773
425	-9.535608909	13.41548907	-1.342412214
426	0.454221083	3.169801121	14.09399214
427	-3.777540324	7.71775741	-9.877247209
428	5.325807422	1.332821029	-2.276728009
429	-4.954876564	2.574381824	6.981334572
430	-9.422035397	3.76092369	-1.435997453
431	12.09450673	19.09886516	-1.838444539
432	-6.722487521	7.863453762	-7.922141642
433	-4.090447467	13.36286946	-9.691375271
434	5.822446746	18.74794266	12.42806584
435	5.320347522	5.8257207	4.825659586
436	3.397932944	6.593287865	-3.997072923
437	-7.592639212	5.200337807	-6.670526358
438	2.187844327	0.229653745	-10.9793059
439	4.036434011	11.71503435	-3.556994472
440	-3.227914277	10.43759177	-10.22138301
441	-7.907209999	2.145497263	4.258078185
442	-2.436017919	1.049464636	-10.44348906
443	1.591183976	19.99669721	-4.941621
444	4.114467879	1.901326646	-3.392209156
445	6.207503334	14.42445542	-0.227499021
446	0.508351489	12.16851074	7.963073544
447	-8.014078256	12.65391511	3.761893952
448	3.658025352	2.558858437	6.230962845
449	-9.323942073	6.727379473	-0.085620478
450	6.215644699	9.598916626	2.781449148
451	5.920034892	19.11937533	3.180970397
452	11.13115035	6.967980565	-4.855021202
453	5.36474025	0.775474941	-2.39764068
454	-0.70105919	8.092079482	-10.92775809
455	-9.54554613	8.84299438	-1.860781192
456	1.957618605	0.619288346	-11.11881541
457	6.317020802	0.71451534	-0.271878345
458	-8.239071786	17.52969128	-5.422637888
459	12.50135232	10.53911667	1.393374143
460	6.447016162	9.928081339	1.263188397
461	-5.72149408	0.394783485	-8.678862453
462	-7.275725554	7.813153962	-6.985328871
463	7.15563924	0.392768513	-9.206844868
464	1.772915345	14.87637683	-4.757850195
465	-5.018956584	-0.009826251	-9.004592609
466	2.082849705	8.89480847	13.71445229
467	6.405391326	15.15915905	1.212920209
468	6.32308165	8.835294546	1.684185346
469	1.992468501	13.46082715	-4.897475547
470	-5.598905683	11.48387755	6.581061529
471	11.59287313	8.922469927	-4.020920764
472	6.355527221	9.105737271	1.12898006
473	1.139908269	7.49632319	-4.826942745
474	-6.00720117	18.69806502	6.280470143
475	3.009865957	8.876801895	-10.95831391
476	-1.05259197	10.94316763	7.878120736
477	-1.92029085	16.1952012	8.042514903
478	8.559851795	14.50887056	-7.980931286
479	11.92254867	16.58416612	-3.070612096
480	-0.32882695	10.20494059	8.017321712
481	4.408377832	16.8931268	-3.531504675
482	-1.965925833	14.43073958	-10.64263932
483	3.172659803	2.851447005	-4.359816235
484	6.367965695	11.08770421	1.81782538
485	8.093700195	0.573307567	-8.28737474
486	-6.799314964	13.89898824	5.190153981
487	5.895675545	20.6965256	2.984772787
488	-8.604975225	19.24660987	-4.455175601
489	-4.423357892	17.34398046	-9.725118322
490	0.12363909	6.002346516	-4.822569007
491	-0.107739458	4.752754365	-10.91321076
492	-4.4184946	8.519853928	7.000232775
493	-6.814443112	2.807158441	5.555762172
494	10.94022237	18.0480302	7.44886863
495	6.050085675	2.600187954	2.724193632
496	3.364654249	9.699711829	-4.237780298
497	4.003291661	14.61697481	-3.783637306
498	9.919392029	19.05736829	-6.701395719
499	6.285767803	18.3765549	0.487052462
500	-7.869916084	1.255325051	4.275748838
501	1.937828035	3.875502857	-4.741147648
502	10.08906984	11.05436039	-6.551293722
503	3.281510888	14.07866637	-10.83078429
504	-0.349811305	0.214143881	7.988445404
505	10.67261596	10.21150136	-5.618928736
506	1.327341408	14.86917219	7.443316366
507	11.07250157	4.280291145	7.202167807
508	-6.048244166	14.53921313	6.096398644
509	10.58257726	11.74416498	7.761240693
510	5.790190753	12.17066037	3.601176934
511	3.352696918	17.97774747	-4.361693576
512	6.723171739	7.209653211	-9.421637288
513	-0.600808399	14.86574549	7.756233502
514	-1.764447552	4.852340769	-10.87687833
515	-5.741393397	13.72331974	6.399892315
516	10.9985775	3.906504027	7.374989212
517	-5.692352797	19.87279161	-8.873833311
518	-5.653372634	3.977797749	6.43784561
519	-2.679534207	20.38410821	-10.42685512
520	3.092102428	10.5822069	-4.441385065
521	5.851410854	11.86034869	-1.677720324
522	8.357729092	11.92387563	10.66033168
523	-2.899016041	12.44281991	-10.15757903
524	-7.191946704	0.923150626	-7.026820765
525	9.15537363	11.23196732	-7.379157594
526	7.913163086	20.43427863	-8.901364474
527	0.858332854	4.388541346	7.594521232
528	6.177546656	3.110811341	2.962680896
529	10.53052503	4.380488507	-5.794969206
530	12.4789925	9.596945341	3.463270172
531	11.13563797	10.1167502	-5.039504869
532	3.080483531	13.17456951	6.710848198
533	-6.641703371	13.71145585	-7.911665924
534	5.038905764	2.358871832	-10.21741364
535	0.989015949	14.09207653	-11.01609522
536	5.470565658	3.610077721	12.91415644
537	-8.797666778	20.84361734	2.844767041
538	6.208568875	15.15731288	-0.453241514
539	-8.772699222	4.444831918	2.835670248
540	2.856969385	2.101089604	7.072816425
541	6.169975767	20.93460361	-0.985178547
542	5.885216002	6.519859429	-9.944363722
543	5.169745014	12.70524817	4.869076265
544	5.176306071	7.985834305	4.654479679
545	5.102864359	17.2589146	-10.25437994
546	-9.388159708	19.09768617	0.653153824
547	11.39214619	15.65831339	5.896384231
548	-7.412376156	15.94925218	4.819055743
549	6.99368944	1.03550698	11.74479277
550	4.711047668	9.034684031	-2.992707379
551	-8.981927032	13.2559856	-4.05386676
552	-6.725403874	2.004276452	-7.827979544
553	2.160074429	11.29803542	14.00798736
554	-9.571270535	10.14903107	-0.902052625
555	-5.440268953	0.63022548	-9.006190802
556	9.225102932	10.50087706	9.928115375
557	3.656718171	19.18024302	13.26442379
558	-9.16124238	0.07640642	1.475059462
559	-9.555431967	9.147301504	-2.488166135
560	-9.348617803	12.29632309	-0.996005952
561	11.377121	14.77854404	6.237792182
562	4.118533401	20.10636447	13.12982262
563	7.109756083	4.581714759	11.37759537
564	-3.089277378	4.504339406	7.683953421
565	-4.381549575	10.56942533	7.462162674
566	2.628360388	8.041149705	-4.447213231
567	-2.285842612	9.100472233	7.9221008
568	12.26642397	17.08176051	3.712126169
569	2.131372204	19.45859557	-10.97219281
570	-0.29418332	9.922744232	8.007463528
571	-5.831768418	11.27486787	6.328513396
572	-5.5436728	1.509385617	6.414990457
573	7.437008813	14.35073799	-9.087979617
574	12.24531304	10.37513344	3.838493198
575	-7.580948537	1.224498024	-6.543368542
576	12.55529504	12.1456585	2.351892112
577	1.713886795	8.628732157	7.410899954
578	-7.684840001	4.195137572	4.290167938
579	5.552637407	8.276069925	-1.923983944
580	-8.606164054	11.10752396	3.286787508
581	-1.60175005	16.71935271	-10.74020999
582	6.297882874	15.94501316	-9.767886583
583	4.330079328	16.28448007	5.681282806
584	6.211124896	16.98163757	-0.021349637
585	2.466649625	1.402088026	-10.90973171
586	5.764695781	0.228757526	-1.738039829
587	2.685319777	18.11633313	13.61095821
588	-9.300385877	11.4323872	0.557816431
589	2.753156501	9.082893033	6.959048155
590	10.07019818	12.0033016	8.358437783
591	10.04864779	13.6942689	8.887513198
592	12.46118804	19.960725	-0.850280184
593	5.54172479	9.647337963	-2.125465484
594	7.193612415	8.716976048	11.56870135
595	11.59612722	10.91219619	-3.955447994
596	3.840281549	13.00462426	5.941814554
597	2.339091591	19.16799044	-4.641801546
598	11.69088975	6.262828155	-3.749799406
599	2.476912895	9.230116474	-4.597940887
600	5.21621055	0.286165941	12.68005998
601	3.788238191	6.558102699	6.202359247
602	12.37884429	8.454967302	3.558104649
603	3.047947194	16.60556223	-4.321655506
604	3.700014529	6.209413774	-4.132196314
605	6.337710843	2.32465196	-0.007345113
606	10.84454479	2.950881608	7.627404578
607	-8.604187837	8.079997736	3.033526385
608	-0.284811234	2.512029431	7.954642345
609	0.706209116	7.66261933	7.741106037
610	-7.44928808	12.18449563	-6.885467075
611	10.05962355	19.51510816	8.853497633
612	-2.285092836	15.18773072	7.849746621
613	-1.0925641	9.215998563	7.934757443
614	3.787428244	9.625984519	5.999141594
615	8.244436903	7.223923707	-8.395779054
616	9.086363232	14.75888411	9.78872439
617	4.807085142	9.227589921	-10.42686099
618	12.59351182	13.66935702	0.40513375
619	6.385067446	2.598017704	-9.819514895
620	-9.134815419	16.67064463	1.546215299
621	12.37099751	9.250336663	4.313284499
622	6.212735096	14.81587916	-1.014006879
623	-7.433327808	1.696208948	4.722972833
624	4.595710136	19.60901199	-10.38893077
625	12.57046975	18.00698997	0.578169798
626	4.21756167	0.223827738	-3.608498528
627	-2.250450303	13.72771275	7.592345641
628	5.941503651	4.1751383	-1.299892676
629	0.148364203	18.70038041	7.91705082
630	2.665461206	16.98711634	7.093596752
631	-6.825453795	4.544860065	-7.681378054
632	2.670780679	16.13568549	-10.92123341
633	1.662653552	13.48319977	13.89855193
634	12.25319275	12.64462306	4.081790878
635	-4.582210208	3.220106101	-9.577705682
636	8.563628472	20.89575549	-8.152525185
637	11.82168542	1.738315823	5.425300448
638	9.586555962	20.01501833	-7.517031939
639	-8.884076775	3.356989936	2.158861244
640	-7.508016545	9.96403348	-6.672745434
641	2.042985169	15.64030486	7.519979348
642	5.48461251	11.77897452	4.331832257
643	4.182451645	10.91300192	5.854437805
644	6.113530066	16.07634414	2.461788823
645	6.283691664	13.08473294	0.781848164
646	2.042805925	19.22937496	-4.593516652
647	12.33290724	10.21606915	4.190874512
648	5.092198711	12.76520146	-10.36535522
649	6.441932101	18.11755667	1.309556294
650	12.53164471	14.58798382	-1.120302097
651	-2.669945882	4.355276548	7.639500333
652	5.817821748	10.5067391	4.004169853
653	3.356165434	7.231442596	-10.87350293
654	8.908915884	19.73184056	-7.751160014
655	11.03794619	3.86727534	6.674842316
656	4.656418746	6.004093906	-3.112436377
657	6.450513384	12.1546521	0.67899148
658	3.968566422	17.8782977	-3.880050696
659	11.15335158	6.959001568	6.417823064
660	2.477685054	8.189006809	-11.0777117
661	2.6018126	8.065051253	-4.506308113
662	4.20271804	15.10266603	-3.468547571
663	-4.017893788	13.29178821	-9.859485886
664	-1.341930841	14.86821442	7.87772253
665	9.440754303	13.24016384	-7.187968928
666	5.588627845	3.309026139	-1.857481567
667	12.57675372	6.583064958	3.073322444
668	6.180192008	5.085073349	2.614577378
669	-3.109548596	9.829159871	-10.30897836
670	-6.995251053	4.660659293	-7.339349915
671	2.684310267	18.40263755	-10.97872956
672	-7.132942226	19.54297831	-7.477923743
673	2.081106494	4.849870893	7.249414524
674	8.28002766	8.927329897	-8.292723128
675	12.20288356	17.08426079	-2.610999008
676	6.378038676	7.28651239	0.617220768
677	2.079363184	18.5297295	-4.710292266
678	7.899232142	10.32442998	10.67537188
679	-9.056565803	5.331413518	2.193020055
680	-7.675690363	4.943838506	-6.638446472
681	0.137674585	14.20964301	14.26707279
682	-0.334114514	3.090928838	-10.73535946
683	4.98558343	6.563785473	4.847144435
684	-0.916361263	17.84016322	8.002337166
685	-8.173796649	16.22853319	3.513539915
686	10.37321949	17.82171693	-6.361196199
687	-8.9557541	20.22524485	1.736980818
688	-3.611531959	8.773370079	7.443977818
689	6.263694658	18.33625525	0.289454616
690	6.544766461	1.056090631	-9.482715584
691	5.989368848	12.87518154	-9.961030861
692	6.392136851	20.609609	-0.615139809
693	1.792702279	19.66035316	-4.626355413
694	10.75288251	17.19766207	-5.7145055
695	5.613249666	6.858269239	-10.20573051
696	5.378093687	0.950213343	4.414545919
697	5.225061299	0.790318316	4.40766147
698	4.996933897	16.43326149	-2.690285858
699	12.66742745	16.61349166	2.541730924
700	12.26360728	12.10170704	-1.488512747
701	-7.804132994	10.19317213	4.518329908
702	-3.870939832	9.444136124	-9.79957328
703	-4.305321443	18.26219066	-9.64350696
704	4.496002837	15.38845411	13.2152123
705	4.833283699	3.396577087	-3.129070674
706	6.297807409	1.370287322	1.800845516
707	-0.213002805	15.27125853	-11.09616782
708	5.939992852	10.04191515	3.045088049
709	4.539261815	2.13174148	-3.238299134
710	6.876433227	20.46280053	-9.293762263
711	7.841264114	7.350880061	10.9644245
712	3.34222711	17.14321411	-4.141692055
713	-9.485311517	13.77534973	-2.963438318
714	8.891365414	13.37246437	-7.801106374
715	-7.668865603	0.982503833	4.520705363
716	-0.435950981	17.43557899	-10.9072458
717	0.628285225	0.63724021	-4.911044964
718	5.377745375	6.317258952	-10.16779803
719	0.959981291	0.108603542	-11.14003587
720	4.074690693	2.792322102	-3.616019741
721	11.79039862	10.28103097	-3.573008139
722	9.261454641	4.93660078	9.830768436
723	11.91356803	18.54670077	-2.995755836
724	4.958948236	13.63746761	12.72028578
725	3.678771048	7.181230082	-4.005125938
726	7.478863272	17.16453921	-8.922909395
727	-9.100323583	14.89871231	-2.863613128
728	7.413490669	14.23081787	-8.937871689
729	-9.215293196	4.377425436	0.43503234
730	12.61736026	14.73346986	2.050954819
731	-0.442722254	1.093588019	7.8905003
732	9.314243767	1.142740779	-7.621556509
733	-9.417498242	7.513035095	-2.661421508
734	1.745752406	5.815083274	-4.679352396
735	1.267627729	11.43462137	-4.835151566
736	-8.743030203	18.65016142	-3.751729263
737	11.25804349	15.8190366	-4.828675259
738	-1.378304617	2.614337642	7.819413718
739	8.714319086	9.595055878	-7.880475063
740	4.878972791	9.504711278	12.89145984
741	6.206215756	8.633566288	2.464489213
742	12.11412146	12.58969337	-2.447008978
743	11.74918537	12.48643128	-3.576810275
744	6.980707636	18.14503502	-9.229060608
745	-0.436665646	1.563723279	8.006766727
746	-9.438282354	3.145977606	-2.401184688
747	5.248694992	3.781749623	-2.447266465
748	-8.096728514	19.00350919	-6.098986418
749	3.887458129	7.269520809	-3.967629793
750	6.337482253	7.253192133	1.623004357
751	3.2869394	19.42925311	-4.423118396
752	9.609290895	18.04953107	-6.933081493
753	3.546464451	16.39271648	-3.996015187
754	6.922136801	18.3285258	11.76449847
755	3.631848033	20.67191239	6.374235693
756	-8.940592377	4.626889188	-3.462767887
757	-6.912610774	3.585409113	5.233416989
758	3.394882001	7.383577419	-4.291533951
759	-6.190610168	8.511553554	-8.307114475
760	1.826212617	18.39636534	-10.98419559
761	-8.55244646	7.392494948	-4.998960983
762	10.36809728	13.77556862	-6.052416073
763	0.458284085	18.39577701	-4.740055968
764	5.282536895	13.73613894	4.404010802
765	12.34607269	19.2164139	3.322020208
766	5.714553098	18.80800079	3.990544723
767	-7.414819401	12.28168162	4.66902812
768	2.40700822	10.25616554	-4.256233036
769	3.534803254	9.504496699	13.32208277
770	-5.813244313	15.87088936	-8.62946669
771	-8.937709914	10.33805071	2.105258617
772	12.48421753	17.82586313	1.491463353
773	-8.969499937	10.00157225	2.406685318
774	-7.857371218	14.300393	-6.330260392
775	-9.589550037	10.6230613	-1.18978074
776	-9.012847359	17.14101649	1.590636647
777	3.884466223	19.57880832	-10.68027855
778	-3.634941267	16.73054437	-10.167251
779	-3.887502959	5.053910562	-9.973271259
780	10.89439626	17.53129496	-5.555406744
781	6.010557238	6.381569932	-0.881939968
782	-8.659380201	4.384914041	2.608105034
783	-9.477634738	9.268554138	-1.134590085
784	-4.373927132	7.064845529	-9.787431232
785	-3.645547269	11.75275472	7.389213249
786	3.016060112	7.451624414	-4.196531709
787	8.635709252	3.568381338	-8.134746969
788	12.23444723	5.395606278	-2.355884425
789	10.33863003	7.547331581	-6.352256136
790	11.9998704	16.77396348	-2.748844261
791	-5.925926968	7.418155933	-8.803925994
792	5.100240024	13.08423294	-2.854718142
793	9.28686088	14.45578873	-7.363378752
794	-8.883470007	14.99295259	1.753755807
795	-5.674979527	19.80986469	6.234103414
796	-3.084113614	13.61235322	7.731106898
797	-7.533988276	5.773360915	-7.059596803
798	-0.774195464	7.176309812	7.744974632
799	11.58617306	19.9654368	6.220217458
800	-7.118733961	0.928098673	-7.424986578
801	-0.16573649	20.03371758	-10.96660631
802	-6.553795071	11.30516249	-7.903227046
803	5.818681573	8.714252477	-1.086461797
804	11.20027196	4.222816686	6.821788406
805	12.17024783	6.409072589	-1.841600427
806	-1.150714301	1.864598322	-10.64393658
807	8.042253981	18.48508864	10.77509816
808	0.852756006	16.58345076	-4.726144792
809	-6.297716108	15.50545718	6.127550061
810	5.410021606	17.61972724	4.431095629
811	5.983699195	14.34411661	12.35559274
812	3.21252528	10.12359632	-4.348202992
813	-3.089128898	9.741480708	7.647799518
814	5.847066767	16.16205816	3.706300276
815	5.316345641	11.56059708	12.64060343
816	-7.26529141	14.34506461	5.19338134
817	3.006389901	6.689449979	-4.312156234
818	4.790548848	5.272730116	-3.112943261
819	3.478564396	0.423661907	-4.00007747
820	-6.08772319	17.52406137	6.373462786
821	10.7918197	1.375011711	-5.282590852
822	-9.535286276	15.43015234	-1.347382027
823	12.20085711	9.337075818	4.113520323
824	11.98193694	15.61144819	4.745543484
825	0.812841111	18.14508695	14.06160789
826	12.05304401	6.804581595	4.788094085
827	5.143242318	0.370005205	12.63814647
828	12.40550596	16.44872599	4.183785192
829	1.744909396	19.764942	13.81872173
830	-9.215063292	19.21915783	0.203633817
831	11.60898149	18.76987872	6.106560438
832	12.59623104	16.67206286	-0.192591187
833	11.84676669	2.747770108	-2.829919686
834	-9.414817111	12.6770693	0.580019166
835	12.67793008	2.418193712	0.810705131
836	11.48526572	3.108587447	6.470313153
837	5.295408016	16.14039065	4.656974339
838	11.46569827	11.12445704	-4.437689168
839	-9.467449455	5.498849656	-1.05619044
840	12.37706455	1.873110211	-0.213534478
841	-8.764515933	15.31551065	2.71861697
842	10.34517546	14.29317607	-6.144681639
843	-0.305212675	5.790070996	-10.80626925
844	-7.521587397	5.6938313	-6.905800592
845	5.33356526	16.15684284	12.90239054
846	2.663519162	1.216104067	7.087534647
847	7.692210072	11.52546465	11.00688396
848	6.444142745	13.91125519	1.571909718
849	4.957805327	4.823241959	12.75859496
850	4.333526618	3.944326463	-10.60385758
851	6.184063714	20.87027309	0.650787544
852	6.783215958	18.02209784	-9.571207147
853	10.52201859	12.34682597	7.671847783
854	2.355059842	8.149375387	-4.52449343
855	6.313567694	10.06030266	2.037898957
856	-3.684734665	20.02553037	-10.09351165
857	-9.266449426	18.04591312	-2.992571544
858	6.31292217	3.968381164	0.923685805
859	-1.729460537	19.77345879	-10.60215969
860	6.028977832	5.494066313	3.12862222
861	5.184369054	17.64777381	-2.672895343
862	12.54496566	7.146820575	1.317704439
863	-8.857073982	16.60238618	2.343653339
864	5.701981747	16.72111222	3.550511675
865	5.621900404	19.90464057	3.792247896
866	-2.459360109	3.62947387	-10.56752314
867	0.748149312	19.46858506	7.73687228
868	1.300955921	8.846090902	-11.10117789
869	0.104161672	10.14078031	7.930954405
870	6.414380783	11.32936342	0.396886196
871	-7.307143683	5.374654646	-7.052781204
872	1.042195852	11.72872183	7.669257006
873	11.93075333	13.43459018	-2.805947009
874	-5.953097035	3.887769702	-8.553610608
875	-7.467960634	17.13124089	-6.901104093
876	0.765608263	0.588491243	14.13123615
877	12.13348022	2.83602079	-2.529948398
878	11.76990384	14.77549953	-3.567570556
879	12.09835762	15.48878008	-2.202976115
880	7.815425193	20.19266432	-8.88644712
881	-2.29877365	13.08444341	-10.57029555
882	5.885262971	16.40603018	3.609531291
883	-8.433102844	14.2865005	3.685236715
884	6.304571264	14.61650178	0.250424385
885	1.243927152	18.60949491	-4.770490233
886	6.315369211	4.281664685	1.449456694
887	3.024692551	8.59963044	6.836847104
888	-5.393926093	8.367209036	-9.152199045
889	-7.545658923	7.202371536	4.664812596
890	-7.024706148	7.73078731	-7.542378595
891	1.464029615	16.53148481	-11.16497423
892	5.996849747	14.12064615	-0.838575732
893	-2.415036421	10.15960567	-10.43878963
894	-6.73694099	15.06244504	-7.715248022
895	6.321464568	3.15342652	12.19649932
896	-4.388382752	14.43676854	7.093574706
897	12.15565363	17.41598164	-2.540552642
898	-9.311148941	8.975899481	-2.695905915
899	4.703599304	1.822447592	5.215207969
900	2.32091276	6.92149141	14.02458306
901	-1.007208778	5.135448339	-10.97954964
902	3.678452986	3.826491957	-4.192074003
903	3.449695117	8.360868318	-10.80974426
904	-7.837307182	20.53708012	4.536488426
905	-9.360919446	19.59467785	-0.712910226
906	-9.261513438	3.497225639	-3.295378556
907	3.836423982	13.20456172	13.18866247
908	3.343322079	3.34549369	6.50182995
909	8.062397647	6.767408119	10.63227326
910	12.56542264	5.458698643	0.771912996
911	-7.515636694	7.129017766	-6.756709848
912	0.900465707	0.909593207	-11.31762463
913	5.103686648	14.26073678	4.961611291
914	2.005158335	1.325816935	-10.97812544
915	-8.538687378	7.017532657	3.024258442
916	2.017567715	6.175185176	13.82526117
917	3.882936526	19.01917619	-3.859208426
918	-9.232392757	0.757576958	-2.380142077
919	3.162229122	2.483638591	-4.166072933
920	-6.558064402	18.23966282	5.73761253
921	-7.994633406	10.11778759	3.849918219
922	0.873500587	7.671079044	7.927251413
923	11.2277038	10.3610676	6.640616475
924	6.313896728	15.01724208	-0.39819297
925	2.017322476	7.40977418	-4.754844739
926	4.929991314	9.490249553	-2.738547628
927	0.671509746	15.4532975	-4.747587652
928	6.211196243	20.66703243	2.329426303
929	-3.271919196	14.50631809	7.512872558
930	-5.830094368	8.740443011	6.270556235
931	12.43654222	9.481415418	2.854664286
932	10.4375564	10.97892304	-6.158896672
933	-6.071057649	0.399869994	6.16926003
934	11.9569457	10.90344024	-3.306200546
935	-4.995285406	2.425322555	6.695193322
936	-6.913809978	4.244810104	5.450749908
937	0.095946929	12.70765558	14.16178358
938	12.56941544	13.10076219	0.300068315
939	2.617417198	12.58467741	-10.95340232
940	5.854984348	7.61622045	3.987189899
941	12.17720991	15.90788084	3.898777884
942	5.037268962	0.356680297	-3.011208897
943	5.642028376	9.883038154	4.158467715
944	12.19437038	6.879232853	4.045932563
945	-5.573539529	2.858517402	-8.721361761
946	12.40905623	10.65183548	-1.149814224
947	6.277776564	13.35055928	2.394700897
948	-8.445403053	8.196027001	3.528438913
949	6.300815311	14.17038224	1.816825634
950	-8.85614962	11.22398571	2.172942111
951	5.275636241	18.28060457	-10.18831439
952	-3.933979359	12.10945451	-9.781711979
953	6.534360133	3.306034489	12.1502249
954	11.9170689	15.81875382	5.231513931
955	-9.179221856	18.00634269	-3.176320108
956	-0.303605766	2.465821346	8.063442567
957	12.70537907	3.596897052	1.752357071
958	-8.61241896	13.39526192	-4.789932766
959	4.644736266	15.94097127	-2.945242413
960	6.255029193	15.32389248	0.489782914
961	5.965840253	14.66925018	3.618894323
962	-0.936339493	9.955247724	-10.83679472
963	8.351189083	0.25566859	10.56513206
964	12.38900146	12.23677218	1.853326952
965	11.05173801	4.896945007	7.167022421
966	2.875956959	1.299672229	-11.10869418
967	-8.795863243	16.46673608	-4.499296566
968	0.57934092	9.885843266	-10.93050717
969	4.399072954	11.11670527	-3.253820244
970	6.422054398	12.47297302	1.159064635
971	6.296279552	0.727784319	1.936803584
972	7.141104437	10.41778094	11.54314891
973	2.586329163	4.474061234	-4.536667321
974	5.283772431	5.060073769	4.374832334
975	4.600479025	19.74091375	5.572510347
976	1.635573194	8.038019726	7.388642984
977	1.409485479	2.28562585	-11.11735336
978	-7.81777136	6.757425893	4.187374397
979	-7.871536826	19.5841572	-6.471983323
980	-7.241671061	11.89107944	-7.082516586
981	4.652922625	1.386950357	5.461162317
982	-7.929326369	17.80207127	4.064484276
983	-9.270120139	12.75385624	-1.452548678
984	-3.28830923	14.11618626	7.596074567
985	-9.409699076	14.01136633	0.815095926
986	6.208541691	4.089635487	0.292821293
987	12.38345075	6.59568193	1.662114673
988	6.365549936	20.22632483	11.98457103
989	12.32551532	2.293934784	-1.655559232
990	-8.83417824	20.61565425	2.169049427
991	0.319849712	2.245896047	7.772171374
992	5.576934609	15.03300098	-1.952642211
993	-6.374463328	9.634914133	-8.300741834
994	0.484524511	11.06278884	-4.833444332
995	-0.132508802	13.95491712	7.817250801
996	0.695470991	8.79646459	7.624744962
997	4.601326409	11.19244198	13.09476916
998	1.815710432	15.09046548	-4.819851938
999	3.121827342	13.52627298	6.704699463
1000	12.57704491	16.3171295	1.429720165
1001	12.07307653	17.44692916	4.700354565
1002	4.912757756	7.055467113	-3.05295634
1003	-9.173140362	8.635180996	1.435582275
1004	11.38189881	14.81541826	6.394576304
1005	4.031704839	11.16903293	-10.56690877
1006	3.635587664	1.306779578	6.370832428
1007	5.73520526	20.23286654	-10.04818873
1008	9.425236906	5.978754154	-7.333888838
1009	2.321505099	7.268945232	7.099316881
1010	12.30340368	19.79584011	3.887630707
1011	12.43317462	10.85312833	-0.9829414
1012	-3.354154695	5.482725605	-10.16446133
1013	10.64539103	1.397588386	-5.996508015
1014	-8.654236882	13.47858959	-4.630167418
1015	3.965404506	10.6043082	-3.831393741
1016	-4.096729934	11.15208366	-9.621938391
1017	12.10926655	18.21800263	-2.035184256
1018	-5.294398246	15.58076482	-8.894013754
1019	-2.280850151	3.610893465	7.686545565
1020	-2.497860913	17.99325138	7.830342512
1021	-2.129821122	17.20743882	7.938042112
1022	-9.372184557	20.48089019	-0.84599664
1023	5.507165444	13.89122913	4.223668654
1024	6.448465814	5.178537448	-9.666856495
1025	6.180094659	0.750898252	2.304314891
1026	6.260442678	16.22407343	0.481339929
1027	-8.603259205	5.37529953	-5.160304556
1028	-7.523750385	17.43831755	-6.787785205
1029	9.412850351	9.378568651	9.35722399
1030	-6.076691715	1.107160222	6.1177246
1031	-8.02001277	4.302955077	3.773472676
1032	-8.62175598	2.387749063	3.19863584
1033	5.683674363	2.757135721	-1.710182983
1034	4.987659699	18.46006085	12.7428082
1035	12.83542327	2.870524943	1.038708541
1036	1.507375071	19.50775216	-10.96082629
1037	-6.109315726	20.32637532	6.17642318
1038	-5.872098246	2.015122269	6.359209399
1039	-9.059921791	18.49289288	1.846304564
1040	8.824919315	3.954318767	10.00804843
1041	6.430993016	19.49602645	2.435984554
1042	12.29095242	17.49799952	3.926983441
1043	5.806696592	15.30833163	-1.119425093
1044	6.057531862	15.76264461	2.884934482
1045	-6.964422509	1.348519066	-7.588077059
1046	5.687182692	4.91924044	3.56280566
1047	-1.650544024	0.356712026	7.902282791
1048	-8.173540209	13.8041559	3.76221592
1049	-4.728791773	8.055785305	7.096103502
1050	0.858396201	2.052660527	-4.875915461
1051	4.773841631	19.36917283	13.1112888
1052	7.448512863	17.78051246	11.46130471
1053	12.15185669	10.19290206	4.396516145
1054	-3.785733351	12.49028891	-9.838416221
1055	9.422276861	10.70858838	-7.479181145
1056	-8.681203226	8.246760267	-5.007074334
1057	12.43171821	6.597972571	-0.928221054
1058	11.85625508	20.71919253	5.236532962
1059	12.20813192	15.9739416	3.457260928
1060	-7.347646576	1.973482445	5.010940666
1061	1.397984455	17.51147862	13.90682974
1062	10.97569482	5.698485443	7.203232601
1063	12.65780793	14.21733487	-0.253269589
1064	12.59402035	14.51184678	0.868318054
1065	5.878883305	4.370706337	-1.444556587
1066	0.598611595	13.72809246	-10.92676044
1067	5.220807103	0.023263266	12.75754572
1068	2.786527933	9.493363591	6.967347605
1069	-0.812361894	14.39062528	7.957947754
1070	12.72438759	15.29844732	1.328735226
1071	-5.782436013	14.32185566	-8.549384794
1072	-4.072414579	15.56557887	-9.703492964
1073	0.153617344	17.02558214	-11.19984404
1074	5.30022548	20.606387	4.336301025
1075	4.763746997	0.630293133	-3.149859209
1076	12.68918174	16.47878177	0.69267945
1077	6.347502045	16.17592111	1.403224046
1078	11.44795345	6.646491755	-4.057892365
1079	1.689923146	13.68366625	-4.599941693
1080	0.699907905	2.06657124	7.937318011
1081	-8.889849298	20.70489299	1.622883938
1082	7.413117063	3.831657041	11.50179056
1083	11.73239125	0.478089795	5.557499593
1084	-8.561990293	18.96889832	-4.903175776
1085	1.355781284	18.13294809	14.03898627
1086	-6.61871928	12.11450475	-7.903292951
1087	-7.439029454	5.7439365	-6.878913665
1088	7.612967794	8.008092308	11.32010144
1089	3.002677716	11.80719512	6.818780845
1090	0.923491487	8.779926637	7.660836929
1091	2.204697275	3.802207931	7.268191159
1092	-9.065246106	7.770159074	1.667318302
1093	10.67345473	11.06337561	-6.028970944
1094	5.29503017	7.698579941	-2.443734936
1095	0.561513036	3.802689033	-11.13759039
1096	6.314076413	10.0082135	1.579375175
1097	3.850604089	3.43423301	-10.67382051
1098	11.70718719	3.677354529	-3.695065779
1099	2.965254154	19.1769832	6.823983678
1100	-0.442092964	10.35453756	-10.80274277
1101	-7.85862517	3.846118765	4.268132131
1102	-9.440714155	14.5850994	0.506485292
1103	4.568756174	14.24413581	-10.45798617
1104	3.17879716	8.266846855	-4.301143138
1105	-8.645849044	0.416944029	-5.132118675
1106	-6.680586236	13.24463614	-8.050735017
1107	-6.883821888	17.1924039	-7.660321488
1108	5.336898127	19.76617744	4.425488575
1109	-9.168009636	3.849110305	-3.509224034
1110	2.980598257	5.529705137	-4.442700058
1111	-6.891408726	12.1326997	-7.409282675
1112	4.084100838	3.89302379	5.978990902
1113	1.237720122	15.04139559	-4.879932399
1114	-1.890740184	7.308930523	7.726177007
1115	3.245155732	0.633446877	6.875249945
1116	12.32157038	20.61059762	-1.4058992
1117	9.676241977	13.3635736	9.03561
1118	1.114799391	17.82171433	-11.00113395
1119	-1.425384759	14.96878417	7.933315934
1120	-7.203762208	16.57270485	5.13945586
1121	11.92116145	18.94834515	5.05345741
1122	5.608052444	3.839173638	-1.970097539
1123	1.995732624	5.627763633	-4.6016395
1124	2.123603372	7.84953316	-4.631953475
1125	-1.848303937	4.409794266	7.979515672
1126	4.226013709	14.28427482	-3.753566996
1127	3.753957293	13.87930355	6.171173995
1128	6.262153019	9.559054287	-9.534776031
1129	5.065246404	15.63024108	12.63093193
1130	-8.363209444	6.174502977	-5.303820849
1131	11.91539229	10.12581005	-3.273255461
1132	9.476349058	17.26920198	-7.148251519
1133	5.602131759	13.97664912	-1.93918319
1134	-8.262261553	0.664151282	-5.80427748
1135	6.035901317	13.61818706	-1.181544105
1136	10.67270033	6.931192218	-5.740818564
1137	0.712723923	14.94975384	7.805128029
1138	-6.749248418	2.079830467	-7.768380796
1139	-8.974118195	3.230416709	-4.30964548
1140	3.132068555	11.29100872	6.768989248
1141	4.741344767	5.954816095	12.98018483
1142	0.538859292	16.70200293	14.33594305
1143	12.23606018	11.14794317	4.819236368
1144	8.425392934	19.29164109	10.76618413
1145	-2.876667429	10.9977916	8.02071192
1146	-8.212043127	5.60872382	3.451447803
1147	2.567283231	16.67651589	-4.427269506
1148	5.941249769	0.149874336	3.714964231
1149	5.343876751	18.19954427	-2.485806499
1150	3.534179272	5.494075849	13.37699543
1151	4.383332499	0.105521222	5.735246277
1152	5.937145284	1.378335025	-1.045252191
1153	5.892328774	8.500485651	3.159933069
1154	-9.559694755	4.345712684	-0.800971952
1155	-6.770365333	6.756194929	5.897388144
1156	6.346753532	19.84545362	12.18150364
1157	-3.311239613	10.6378558	-10.34133438
1158	4.89306007	16.44788407	5.18051136
1159	-5.914876397	1.653034825	6.223006546
1160	5.228650071	1.782169226	-2.630001124
1161	5.527743159	15.24217695	4.296506323
1162	6.019797216	1.662664593	-0.186534586
1163	1.755730229	8.325587046	-11.03197451
1164	-7.547160345	4.531669079	4.757968628
1165	-4.120805044	9.283065032	7.254184003
1166	2.880141573	19.79542353	-10.8747542
1167	-8.544698053	2.334270558	-4.737880481
1168	4.876884171	18.25253427	13.08864436
1169	3.575754631	1.631749982	-4.11686681
1170	6.103822828	7.808914432	3.287436706
1171	-1.315180672	9.640705625	-10.74510847
1172	-7.322053203	0.560003784	-7.13234552
1173	-3.96303035	6.871321299	-9.619475804
1174	12.63618456	9.11555674	0.052368998
1175	-7.713616037	14.35409607	-6.758687162
1176	3.824624363	0.050844403	-3.891280864
1177	-8.300283818	0.493827421	3.081642255
1178	0.872212016	19.93318662	7.888622254
1179	6.25195203	13.32990245	0.025482209
1180	1.263616525	3.527331994	-4.705794975
1181	5.148947563	18.14898277	-10.33891311
1182	4.298517125	15.68754631	5.806657253
1183	1.024910609	1.345357813	-11.06250484
1184	8.700252951	7.621426789	10.10812257
1185	-4.765390396	6.980711919	7.049665765
1186	5.028366589	10.26679978	-3.089706509
1187	5.873924694	5.82153992	4.080982407
1188	2.660678241	18.66694582	7.323288138
1189	-9.128097203	8.644579102	1.664646408
1190	5.687905227	4.213564458	3.479044641
1191	11.11378116	13.82295679	7.220842979
1192	-5.81189726	12.62179264	-8.476535109
1193	-8.296718759	18.29975242	3.619981297
1194	-7.936408189	11.02713568	3.798810468
1195	12.55975932	19.40644369	0.366157398
1196	4.62931177	20.86243751	5.50373549
1197	1.415531663	15.13220047	-10.87291406
1198	5.921162871	4.578592939	-0.977147641
1199	-6.206644431	20.92969318	-8.269091887
1200	-6.367846624	7.55054447	5.794869485
1201	6.164502761	9.652087078	2.551105906
1202	11.73374988	9.021163173	-3.678948205
1203	1.930571039	18.20869765	13.86802435
1204	10.37709967	18.82200224	-6.088870034
1205	-3.35691948	16.93706548	-10.24352229
1206	5.457774438	9.769470958	3.999173338
1207	-7.428495782	17.93592288	-7.055336077
1208	-5.98588283	5.365934035	6.217000155
1209	5.291271044	12.3056305	-2.611034153
1210	1.791304566	4.948830485	-10.86865914
1211	12.18480853	16.04481316	3.43181983
1212	4.443065508	6.761867641	12.9484456
1213	-7.279845449	15.37735394	-6.930296698
1214	5.325789645	1.642261964	4.59192395
1215	-5.200433017	20.91965139	-9.285805645
1216	4.678352344	16.83362865	-3.36329507
1217	1.904935064	10.09430181	-4.789598487
1218	12.09021222	9.137123243	-2.385016846
1219	0.107961005	9.215663514	-4.750466016
1220	-4.865408774	8.147748246	6.89227511
1221	-2.800868282	10.23593385	-10.4492307
1222	-5.298307938	17.94208286	-8.893109313
1223	-6.171182058	4.661318119	-8.672342379
1224	6.029296066	4.623531579	-1.152340389
1225	0.334784014	20.74198831	7.841658734
1226	0.683090629	0.309849166	14.09299887
1227	3.397353432	16.02248249	-4.118408517
1228	12.48508621	15.1171001	-0.280783238
1229	-4.914927808	1.320306029	-9.214486201
1230	0.100554286	3.685259287	-10.84854366
1231	-8.985255808	14.61186864	1.638343875
1232	5.663782386	6.460083281	-1.903816087
1233	10.50805353	0.791965156	-5.725699554
1234	3.963192446	18.55055849	-10.69077206
1235	-7.686120958	19.67095842	4.544906106
1236	3.593520847	4.455080047	6.132978316
1237	-6.189777528	1.21461484	6.03021913
1238	-9.280496691	15.33528743	0.380722085
1239	6.32970863	3.867835677	0.140810308
1240	0.433570384	20.64990835	14.26326337
1241	-4.346172347	17.97934934	7.278613745
1242	2.083802779	11.40580192	-4.792904929
1243	2.066377767	20.85776996	13.69860101
1244	-9.433211403	7.739814723	-0.278324693
1245	12.43785739	19.33092545	2.749990585
1246	6.087822006	14.77710335	2.774757407
1247	-0.971795833	8.134977516	-10.86133637
1248	4.049281315	4.775721649	6.215871873
1249	10.66014691	5.901598108	7.605700422
1250	4.426568855	0.477583417	-3.381089971
1251	1.197458317	8.357576001	-4.642612282
1252	4.778184998	17.48415926	5.492679043
1253	5.303108067	7.018091101	4.63382312
1254	6.300881652	13.1895021	2.172124596
1255	-8.999041689	5.551760923	1.911321821
1256	9.573397028	1.207128365	9.546296441
1257	-5.243301746	6.537483099	-9.332986985
1258	10.9599654	2.351525743	-5.429931344
1259	-9.307133517	18.15460858	0.476126916
1260	-7.622931543	7.131345866	4.635761018
1261	6.025670597	4.296978146	-9.822470169
1262	9.334514498	20.13755854	9.517396246
1263	-7.403648881	15.38759882	-7.276235899
1264	4.79477541	15.31621456	-3.11217621
1265	12.21482597	7.576352896	-2.604091071
1266	-2.463786765	4.246186462	-10.38253992
1267	6.025898956	4.963407503	-0.837611675
1268	1.497017155	17.08142844	-10.81404685
1269	1.644979139	20.23109313	-4.73676393
1270	3.953993516	5.328095759	6.027602306
1271	4.273820943	10.06461666	-3.414004666
1272	-7.010565788	2.623027901	5.082693138
1273	9.072924943	5.158697605	10.19228507
1274	12.30882275	6.427800767	3.714208533
1275	8.264265993	10.25356588	10.64220175
1276	-8.447472997	3.654449007	2.84480615
1277	-5.64387322	1.917741968	6.277776343
1278	-1.181722132	1.354988751	7.982217152
1279	9.675142382	12.65777795	9.219728537
1280	-8.316575482	9.857294641	-5.55787112
1281	5.798118113	2.116906595	3.917042023
1282	5.409542971	12.79692499	4.302653341
1283	5.313186042	3.18662998	-2.387280377
1284	4.531225706	7.440548214	-10.36518898
1285	12.57240112	18.00336242	-0.946798121
1286	-8.053723145	16.63297874	3.356838313
1287	11.2489633	18.60670955	-4.726369065
1288	12.24469933	20.52939037	3.417032214
1289	2.104205923	13.08117173	13.9307478
1290	-1.650718749	7.535073762	-10.60259656
1291	6.374960486	10.44490558	-0.331950352
1292	-3.44825464	1.655696566	-9.995151777
1293	1.709831989	1.303351853	7.294411522
1294	0.877546052	2.577856151	7.821700969
1295	-4.141203583	16.34123478	7.188255975
1296	-6.515948445	9.869767393	5.799994782
1297	-1.850804937	9.525102233	7.880022745
1298	-4.543181596	14.21250087	6.835393748
1299	6.236863277	0.277386377	12.04933303
1300	-4.291203175	6.409834095	-9.742836864
1301	-3.718396017	13.39785353	-9.879351576
1302	-4.133077665	13.55791611	-9.799866327
1303	4.683578352	3.051595263	5.343895893
1304	3.707740262	15.23854202	6.479543869
1305	3.329888939	7.55597347	-10.66280891
1306	5.700705304	19.30584265	4.088707271
1307	-2.238000528	5.211961016	-10.62532465
1308	12.68547795	3.508301911	2.353490782
1309	-8.251310471	2.122374432	3.517908918
1310	4.062381236	15.37696504	13.21819523
1311	1.241034808	13.77240557	7.6877382
1312	-4.926236194	8.062531187	6.857094284
1313	12.44821416	5.628632514	-1.147873445
1314	-5.046564191	15.82357474	6.814058455
1315	10.01978109	8.89045244	-6.467377099
1316	1.158043872	4.719457262	-4.782189541
1317	6.090947342	12.39327828	2.430958662
1318	12.55898731	11.73840559	-0.202748042
1319	2.56090398	17.59805156	-10.81925556
1320	5.371256537	6.341435811	-10.31303384
1321	6.129338651	4.787250079	-9.867447345
1322	-9.481487829	19.81714529	-0.054056623
1323	0.801940889	4.720071691	-4.872291026
1324	7.085339913	13.9337428	-9.323922035
1325	5.659122276	10.27374585	3.99677049
1326	10.32937697	13.58558994	8.661428771
1327	-7.232339129	15.51214972	-6.996075282
1328	3.49675108	11.98935074	-3.983928337
1329	11.28610737	5.913857727	7.108542672
1330	5.943431517	3.970030741	-1.357441381
1331	5.086254183	16.10038754	-2.706388221
1332	-0.274667448	8.175172538	-10.976224
1333	6.051447408	11.7943244	3.111002633
1334	-1.663214159	9.136553059	-10.75338507
1335	11.24985461	2.577784479	6.311434794
1336	3.067201607	5.809671041	6.938920739
1337	1.53080777	9.39616483	-10.9326367
1338	11.80658121	-0.010526059	5.942814379
1339	-7.965992412	5.850036175	4.171790983
1340	10.28990152	7.395092756	-6.340917257
1341	5.776262271	8.504849552	3.901097494
1342	12.35513368	1.287614885	2.87059458
1343	7.652528399	2.280586346	-8.745939107
1344	-0.285590413	2.619437153	7.723063259
1345	11.58301674	10.43653623	6.119044186
1346	-9.548028651	20.32190373	-1.327328516
1347	-9.272965236	0.088078837	-2.394612195
1348	8.838592924	19.50439695	-7.937371643
1349	-1.739933602	16.36641373	-10.78152286
1350	3.936806803	3.411888977	-3.870571752
1351	6.774558243	8.946862646	-9.570245476
1352	-2.796804064	6.210522413	7.754217488
1353	6.168963074	20.59450958	1.054984456
1354	-6.633667826	12.66045879	-7.945174652
1355	-6.661355047	18.69718613	-8.044552871
1356	-0.995279496	18.43424318	8.141263874
1357	-9.154331101	18.99733972	1.681640922
1358	8.743479244	19.13657837	-8.010053854
1359	4.972764015	14.97757259	5.242929587
1360	10.67680373	11.41196678	-5.853209945
1361	1.964639088	1.378885448	-4.74078744
1362	1.023729877	2.11040963	-4.90069001
1363	6.282003662	6.597564545	0.278045031
1364	12.56514707	20.77246575	2.262473865
1365	4.59036127	15.79854698	5.273152804
1366	8.802400598	7.248680209	-7.676450482
1367	12.67086464	13.3175051	-0.013591757
1368	-3.873976126	8.056713358	7.365010132
1369	2.653917166	0.162617087	6.96713302
1370	5.019396377	0.508134938	-2.769099859
1371	12.29326457	12.35833459	3.445259869
1372	4.798988589	4.545147163	5.166546438
1373	9.022399828	11.23331655	-7.709478674
1374	-7.709404122	19.6745388	4.433883164
1375	-7.623489155	15.13103104	4.708702162
1376	-8.643709371	7.411529273	2.563451304
1377	1.142860535	6.850758919	13.92088997
1378	-9.558754163	10.50637569	-1.759329267
1379	-8.626700822	14.51340495	2.540778332
1380	5.029089422	10.04187297	4.827899063
1381	11.49068942	10.13483657	-4.17618491
1382	4.175411494	19.76450543	5.844013032
1383	-9.387461181	13.21065036	0.868644912
1384	-9.457637808	9.394147384	-0.125194077
1385	10.89926028	5.93389814	-5.184087103
1386	1.113790367	4.533484535	13.95854599
1387	-8.494112464	18.38332182	3.1260819
1388	-9.032426846	15.66767818	-2.66648141
1389	4.19525023	19.60807991	13.32892034
1390	-7.371344563	4.327480935	4.811809684
1391	0.5108639	7.999605788	-4.806033433
1392	0.471871935	7.325384341	-11.08903253
1393	4.596531211	6.725833191	12.97268994
1394	6.889592891	0.255953642	-9.521011119
1395	3.547136387	9.967334776	6.333422552
1396	3.364550848	16.70608208	13.4353828
1397	-7.138035541	15.15164571	5.114739884
1398	8.419738186	3.580381354	-8.044716432
1399	0.372847313	10.16759325	-4.836450177
1400	0.35223588	16.71806107	14.20287411
;

param y_train :=
1	-1
2	1
3	1
4	1
5	1
6	-1
7	-1
8	-1
9	-1
10	1
11	-1
12	1
13	-1
14	-1
15	-1
16	-1
17	1
18	1
19	-1
20	-1
21	1
22	1
23	-1
24	1
25	1
26	1
27	-1
28	1
29	1
30	1
31	-1
32	1
33	-1
34	-1
35	1
36	-1
37	-1
38	-1
39	1
40	1
41	-1
42	1
43	-1
44	-1
45	1
46	1
47	1
48	1
49	1
50	-1
51	1
52	1
53	-1
54	-1
55	-1
56	-1
57	1
58	1
59	1
60	1
61	-1
62	-1
63	1
64	-1
65	-1
66	1
67	-1
68	1
69	-1
70	-1
71	1
72	-1
73	-1
74	-1
75	1
76	-1
77	-1
78	1
79	1
80	-1
81	1
82	-1
83	1
84	-1
85	-1
86	1
87	-1
88	-1
89	1
90	1
91	-1
92	-1
93	1
94	1
95	-1
96	1
97	1
98	1
99	1
100	-1
101	1
102	1
103	-1
104	1
105	1
106	1
107	1
108	1
109	-1
110	1
111	-1
112	-1
113	-1
114	-1
115	1
116	1
117	1
118	1
119	1
120	-1
121	-1
122	1
123	-1
124	1
125	-1
126	-1
127	1
128	-1
129	-1
130	-1
131	1
132	1
133	1
134	1
135	1
136	1
137	1
138	1
139	-1
140	1
141	1
142	1
143	1
144	-1
145	1
146	-1
147	-1
148	1
149	1
150	-1
151	-1
152	1
153	-1
154	1
155	-1
156	1
157	1
158	1
159	1
160	1
161	-1
162	-1
163	1
164	-1
165	1
166	-1
167	1
168	1
169	-1
170	-1
171	-1
172	-1
173	-1
174	1
175	-1
176	1
177	-1
178	-1
179	1
180	1
181	-1
182	-1
183	1
184	-1
185	-1
186	-1
187	-1
188	-1
189	1
190	1
191	1
192	1
193	-1
194	1
195	-1
196	1
197	1
198	1
199	-1
200	1
201	1
202	-1
203	1
204	-1
205	-1
206	-1
207	-1
208	1
209	1
210	1
211	1
212	1
213	-1
214	1
215	1
216	-1
217	1
218	-1
219	-1
220	-1
221	-1
222	-1
223	-1
224	-1
225	1
226	1
227	1
228	1
229	-1
230	1
231	1
232	-1
233	1
234	-1
235	-1
236	-1
237	-1
238	1
239	1
240	-1
241	-1
242	-1
243	-1
244	1
245	-1
246	-1
247	1
248	1
249	-1
250	1
251	1
252	1
253	1
254	1
255	-1
256	1
257	-1
258	-1
259	1
260	-1
261	-1
262	-1
263	-1
264	1
265	1
266	1
267	-1
268	-1
269	-1
270	1
271	1
272	-1
273	1
274	1
275	1
276	1
277	-1
278	1
279	-1
280	-1
281	1
282	-1
283	1
284	-1
285	1
286	-1
287	1
288	1
289	1
290	-1
291	1
292	-1
293	-1
294	1
295	1
296	1
297	1
298	1
299	-1
300	-1
301	-1
302	-1
303	1
304	-1
305	-1
306	-1
307	-1
308	-1
309	-1
310	1
311	-1
312	1
313	-1
314	-1
315	-1
316	1
317	-1
318	1
319	-1
320	1
321	-1
322	-1
323	1
324	1
325	1
326	-1
327	-1
328	1
329	1
330	-1
331	1
332	-1
333	-1
334	-1
335	-1
336	-1
337	-1
338	-1
339	-1
340	-1
341	-1
342	-1
343	-1
344	1
345	-1
346	1
347	1
348	1
349	-1
350	-1
351	1
352	-1
353	1
354	-1
355	-1
356	1
357	1
358	-1
359	1
360	-1
361	1
362	1
363	1
364	1
365	-1
366	-1
367	1
368	-1
369	1
370	1
371	1
372	1
373	-1
374	-1
375	-1
376	1
377	-1
378	-1
379	1
380	1
381	1
382	1
383	1
384	1
385	-1
386	-1
387	-1
388	1
389	1
390	1
391	-1
392	1
393	-1
394	-1
395	-1
396	-1
397	1
398	1
399	1
400	-1
401	1
402	1
403	-1
404	1
405	-1
406	1
407	-1
408	-1
409	-1
410	1
411	-1
412	-1
413	-1
414	-1
415	-1
416	-1
417	-1
418	1
419	-1
420	-1
421	1
422	-1
423	-1
424	1
425	1
426	1
427	1
428	-1
429	-1
430	1
431	1
432	1
433	1
434	1
435	-1
436	-1
437	1
438	1
439	-1
440	1
441	-1
442	1
443	-1
444	-1
445	-1
446	-1
447	-1
448	-1
449	-1
450	-1
451	-1
452	1
453	-1
454	1
455	1
456	1
457	-1
458	1
459	1
460	-1
461	1
462	1
463	1
464	-1
465	1
466	1
467	-1
468	-1
469	-1
470	-1
471	1
472	-1
473	-1
474	-1
475	1
476	-1
477	-1
478	1
479	1
480	-1
481	-1
482	1
483	-1
484	-1
485	1
486	-1
487	-1
488	1
489	1
490	-1
491	1
492	-1
493	-1
494	1
495	-1
496	-1
497	-1
498	1
499	-1
500	-1
501	-1
502	1
503	1
504	-1
505	1
506	-1
507	1
508	-1
509	1
510	-1
511	-1
512	1
513	-1
514	1
515	-1
516	1
517	1
518	-1
519	1
520	-1
521	-1
522	1
523	1
524	1
525	1
526	1
527	-1
528	-1
529	1
530	1
531	1
532	-1
533	1
534	1
535	1
536	1
537	-1
538	-1
539	-1
540	-1
541	-1
542	1
543	-1
544	-1
545	1
546	-1
547	1
548	-1
549	1
550	-1
551	1
552	1
553	1
554	1
555	1
556	1
557	1
558	-1
559	1
560	1
561	1
562	1
563	1
564	-1
565	-1
566	-1
567	-1
568	1
569	1
570	-1
571	-1
572	-1
573	1
574	1
575	1
576	1
577	-1
578	-1
579	-1
580	-1
581	1
582	1
583	-1
584	-1
585	1
586	-1
587	1
588	-1
589	-1
590	1
591	1
592	1
593	-1
594	1
595	1
596	-1
597	-1
598	1
599	-1
600	1
601	-1
602	1
603	-1
604	-1
605	-1
606	1
607	-1
608	-1
609	-1
610	1
611	1
612	-1
613	-1
614	-1
615	1
616	1
617	1
618	1
619	1
620	-1
621	1
622	-1
623	-1
624	1
625	1
626	-1
627	-1
628	-1
629	-1
630	-1
631	1
632	1
633	1
634	1
635	1
636	1
637	1
638	1
639	-1
640	1
641	-1
642	-1
643	-1
644	-1
645	-1
646	-1
647	1
648	1
649	-1
650	1
651	-1
652	-1
653	1
654	1
655	1
656	-1
657	-1
658	-1
659	1
660	1
661	-1
662	-1
663	1
664	-1
665	1
666	-1
667	1
668	-1
669	1
670	1
671	1
672	1
673	-1
674	1
675	1
676	-1
677	-1
678	1
679	-1
680	1
681	1
682	1
683	-1
684	-1
685	-1
686	1
687	-1
688	-1
689	-1
690	1
691	1
692	-1
693	-1
694	1
695	1
696	-1
697	-1
698	-1
699	1
700	1
701	-1
702	1
703	1
704	1
705	-1
706	-1
707	1
708	-1
709	-1
710	1
711	1
712	-1
713	1
714	1
715	-1
716	1
717	-1
718	1
719	1
720	-1
721	1
722	1
723	1
724	1
725	-1
726	1
727	1
728	1
729	-1
730	1
731	-1
732	1
733	1
734	-1
735	-1
736	1
737	1
738	-1
739	1
740	1
741	-1
742	1
743	1
744	1
745	-1
746	1
747	-1
748	1
749	-1
750	-1
751	-1
752	1
753	-1
754	1
755	-1
756	1
757	-1
758	-1
759	1
760	1
761	1
762	1
763	-1
764	-1
765	1
766	-1
767	-1
768	-1
769	1
770	1
771	-1
772	1
773	-1
774	1
775	1
776	-1
777	1
778	1
779	1
780	1
781	-1
782	-1
783	1
784	1
785	-1
786	-1
787	1
788	1
789	1
790	1
791	1
792	-1
793	1
794	-1
795	-1
796	-1
797	1
798	-1
799	1
800	1
801	1
802	1
803	-1
804	1
805	1
806	1
807	1
808	-1
809	-1
810	-1
811	1
812	-1
813	-1
814	-1
815	1
816	-1
817	-1
818	-1
819	-1
820	-1
821	1
822	1
823	1
824	1
825	1
826	1
827	1
828	1
829	1
830	-1
831	1
832	1
833	1
834	-1
835	1
836	1
837	-1
838	1
839	1
840	1
841	-1
842	1
843	1
844	1
845	1
846	-1
847	1
848	-1
849	1
850	1
851	-1
852	1
853	1
854	-1
855	-1
856	1
857	1
858	-1
859	1
860	-1
861	-1
862	1
863	-1
864	-1
865	-1
866	1
867	-1
868	1
869	-1
870	-1
871	1
872	-1
873	1
874	1
875	1
876	1
877	1
878	1
879	1
880	1
881	1
882	-1
883	-1
884	-1
885	-1
886	-1
887	-1
888	1
889	-1
890	1
891	1
892	-1
893	1
894	1
895	1
896	-1
897	1
898	1
899	-1
900	1
901	1
902	-1
903	1
904	-1
905	1
906	1
907	1
908	-1
909	1
910	1
911	1
912	1
913	-1
914	1
915	-1
916	1
917	-1
918	1
919	-1
920	-1
921	-1
922	-1
923	1
924	-1
925	-1
926	-1
927	-1
928	-1
929	-1
930	-1
931	1
932	1
933	-1
934	1
935	-1
936	-1
937	1
938	1
939	1
940	-1
941	1
942	-1
943	-1
944	1
945	1
946	1
947	-1
948	-1
949	-1
950	-1
951	1
952	1
953	1
954	1
955	1
956	-1
957	1
958	1
959	-1
960	-1
961	-1
962	1
963	1
964	1
965	1
966	1
967	1
968	1
969	-1
970	-1
971	-1
972	1
973	-1
974	-1
975	-1
976	-1
977	1
978	-1
979	1
980	1
981	-1
982	-1
983	1
984	-1
985	-1
986	-1
987	1
988	1
989	1
990	-1
991	-1
992	-1
993	1
994	-1
995	-1
996	-1
997	1
998	-1
999	-1
1000	1
1001	1
1002	-1
1003	-1
1004	1
1005	1
1006	-1
1007	1
1008	1
1009	-1
1010	1
1011	1
1012	1
1013	1
1014	1
1015	-1
1016	1
1017	1
1018	1
1019	-1
1020	-1
1021	-1
1022	1
1023	-1
1024	1
1025	-1
1026	-1
1027	1
1028	1
1029	1
1030	-1
1031	-1
1032	-1
1033	-1
1034	1
1035	1
1036	1
1037	-1
1038	-1
1039	-1
1040	1
1041	-1
1042	1
1043	-1
1044	-1
1045	1
1046	-1
1047	-1
1048	-1
1049	-1
1050	-1
1051	1
1052	1
1053	1
1054	1
1055	1
1056	1
1057	1
1058	1
1059	1
1060	-1
1061	1
1062	1
1063	1
1064	1
1065	-1
1066	1
1067	1
1068	-1
1069	-1
1070	1
1071	1
1072	1
1073	1
1074	-1
1075	-1
1076	1
1077	-1
1078	1
1079	-1
1080	-1
1081	-1
1082	1
1083	1
1084	1
1085	1
1086	1
1087	1
1088	1
1089	-1
1090	-1
1091	-1
1092	-1
1093	1
1094	-1
1095	1
1096	-1
1097	1
1098	1
1099	-1
1100	1
1101	-1
1102	-1
1103	1
1104	-1
1105	1
1106	1
1107	1
1108	-1
1109	1
1110	-1
1111	1
1112	-1
1113	-1
1114	-1
1115	-1
1116	1
1117	1
1118	1
1119	-1
1120	-1
1121	1
1122	-1
1123	-1
1124	-1
1125	-1
1126	-1
1127	-1
1128	1
1129	1
1130	1
1131	1
1132	1
1133	-1
1134	1
1135	-1
1136	1
1137	-1
1138	1
1139	1
1140	-1
1141	1
1142	1
1143	1
1144	1
1145	-1
1146	-1
1147	-1
1148	-1
1149	-1
1150	1
1151	-1
1152	-1
1153	-1
1154	1
1155	-1
1156	1
1157	1
1158	-1
1159	-1
1160	-1
1161	-1
1162	-1
1163	1
1164	-1
1165	-1
1166	1
1167	1
1168	1
1169	-1
1170	-1
1171	1
1172	1
1173	1
1174	1
1175	1
1176	-1
1177	-1
1178	-1
1179	-1
1180	-1
1181	1
1182	-1
1183	1
1184	1
1185	-1
1186	-1
1187	-1
1188	-1
1189	-1
1190	-1
1191	1
1192	1
1193	-1
1194	-1
1195	1
1196	-1
1197	1
1198	-1
1199	1
1200	-1
1201	-1
1202	1
1203	1
1204	1
1205	1
1206	-1
1207	1
1208	-1
1209	-1
1210	1
1211	1
1212	1
1213	1
1214	-1
1215	1
1216	-1
1217	-1
1218	1
1219	-1
1220	-1
1221	1
1222	1
1223	1
1224	-1
1225	-1
1226	1
1227	-1
1228	1
1229	1
1230	1
1231	-1
1232	-1
1233	1
1234	1
1235	-1
1236	-1
1237	-1
1238	-1
1239	-1
1240	1
1241	-1
1242	-1
1243	1
1244	-1
1245	1
1246	-1
1247	1
1248	-1
1249	1
1250	-1
1251	-1
1252	-1
1253	-1
1254	-1
1255	-1
1256	1
1257	1
1258	1
1259	-1
1260	-1
1261	1
1262	1
1263	1
1264	-1
1265	1
1266	1
1267	-1
1268	1
1269	-1
1270	-1
1271	-1
1272	-1
1273	1
1274	1
1275	1
1276	-1
1277	-1
1278	-1
1279	1
1280	1
1281	-1
1282	-1
1283	-1
1284	1
1285	1
1286	-1
1287	1
1288	1
1289	1
1290	1
1291	-1
1292	1
1293	-1
1294	-1
1295	-1
1296	-1
1297	-1
1298	-1
1299	1
1300	1
1301	1
1302	1
1303	-1
1304	-1
1305	1
1306	-1
1307	1
1308	1
1309	-1
1310	1
1311	-1
1312	-1
1313	1
1314	-1
1315	1
1316	-1
1317	-1
1318	1
1319	1
1320	1
1321	1
1322	-1
1323	-1
1324	1
1325	-1
1326	1
1327	1
1328	-1
1329	1
1330	-1
1331	-1
1332	1
1333	-1
1334	1
1335	1
1336	-1
1337	1
1338	1
1339	-1
1340	1
1341	-1
1342	1
1343	1
1344	-1
1345	1
1346	1
1347	1
1348	1
1349	1
1350	-1
1351	1
1352	-1
1353	-1
1354	1
1355	1
1356	-1
1357	-1
1358	1
1359	-1
1360	1
1361	-1
1362	-1
1363	-1
1364	1
1365	-1
1366	1
1367	1
1368	-1
1369	-1
1370	-1
1371	1
1372	-1
1373	1
1374	-1
1375	-1
1376	-1
1377	1
1378	1
1379	-1
1380	-1
1381	1
1382	-1
1383	-1
1384	-1
1385	1
1386	1
1387	-1
1388	1
1389	1
1390	-1
1391	-1
1392	1
1393	1
1394	1
1395	-1
1396	1
1397	-1
1398	1
1399	-1
1400	1
;

param A_test : 1 2 3:=
1	1.535569866	7.454742797	14.05360424
2	-8.730687228	10.21768547	-4.667994684
3	3.264673165	7.783290339	-4.139745608
4	12.36281436	3.251983515	1.912086251
5	-8.416190968	2.982127098	3.168881389
6	12.37493227	0.10432389	4.007830601
7	12.66126083	19.15862793	-0.28856546
8	12.69110191	4.317120978	-0.467472097
9	0.118917357	19.1816897	7.824001582
10	12.02628503	10.82093032	-3.048483066
11	3.164937717	5.311839776	13.64928473
12	12.07306517	9.21243429	-2.707769631
13	7.370596036	19.59506896	-8.894107138
14	5.668182888	17.68584322	3.452940793
15	-7.739982851	1.298393922	-6.479445099
16	3.147884786	8.984103605	-10.832166
17	9.355342511	13.39587998	9.582597235
18	6.029597925	8.447797867	2.278514416
19	-0.342035759	2.885467924	-10.92079502
20	-6.936250536	20.15866106	5.341938155
21	-9.112997144	5.797380796	1.598561343
22	6.644544732	3.28443472	-9.576542055
23	12.63880451	15.06476005	1.482868027
24	0.008042113	1.563115981	-4.663307052
25	3.163446001	7.556291647	-4.138246189
26	11.93104431	10.94882612	5.164906453
27	-3.318672609	6.928558335	-10.24396843
28	1.971356177	12.9744905	-11.0339235
29	5.603194059	11.62771265	4.098108473
30	4.787859197	2.562138296	-2.9335369
31	6.503322002	4.074721255	-9.684617486
32	5.600796296	3.27143884	-1.861019762
33	4.468394883	13.28644541	-10.51027056
34	5.251314635	19.47744284	-2.5057294
35	-6.101344634	19.11497821	5.909370739
36	-9.589409811	10.85174443	-0.37237466
37	-6.897747188	11.12172782	-7.593963272
38	4.907065991	17.81673101	-10.24263663
39	-4.571119149	3.071040616	-9.501836022
40	9.170601204	14.56422745	9.467993512
41	6.419637036	5.630842961	1.877853655
42	6.016431667	2.60761652	-1.022024333
43	5.462803227	18.7757483	-10.36003996
44	3.117126083	5.864114838	-4.364124846
45	1.026927788	0.860906042	-11.00637879
46	-6.772331211	15.28277675	-7.968469587
47	-9.303760298	14.1313567	-3.239346541
48	9.964846408	6.590080083	-6.569575231
49	7.641867833	8.833857084	-8.752270036
50	-2.28860188	2.933372593	7.942551907
51	5.745839128	7.414527419	3.804714379
52	2.971398877	1.25154576	-4.496420467
53	3.04522861	19.12798918	13.64509182
54	-2.9807162	8.449835033	7.798844909
55	2.257298466	0.49324182	-10.98067068
56	-8.861665683	17.41116398	-4.407424688
57	-8.566165585	6.488647736	3.097715905
58	-3.845127934	15.15798786	-10.0191612
59	4.965754358	16.73756881	5.167893031
60	10.59600373	0.492134669	-5.788822909
61	5.469661643	7.567584409	4.52603575
62	1.269126204	14.5434102	-4.678139883
63	6.432202634	18.97294925	-9.62545448
64	-9.50956576	7.343065864	0.107764889
65	-8.77780829	10.57597332	-4.526733542
66	-9.510879037	7.823344658	-0.821618519
67	-6.928477519	1.796759354	5.175651624
68	0.011786219	7.838159525	-10.94831752
69	11.3540823	9.66588761	-4.137298452
70	4.536358641	2.465243957	5.619936379
71	-9.250090938	12.36804049	1.226362451
72	-9.597527861	18.72450629	-0.388328481
73	-9.288764893	12.5001597	-2.632630772
74	4.456234741	5.728596951	5.72497081
75	3.642051995	4.625753324	13.45377731
76	11.47078846	1.557821496	-4.4955691
77	5.563342225	10.34754265	3.881261481
78	3.573328652	20.79722784	13.237697
79	8.73325083	5.477527413	-8.142275085
80	6.332877094	9.749137656	-9.692467305
81	4.496745696	20.61590173	5.888284824
82	-8.367126543	3.585682949	3.318793512
83	-7.043328313	17.34331394	5.018041808
84	2.031306256	19.5240323	-4.768251435
85	1.088141948	13.33721799	-4.881241834
86	-9.06725204	10.88964787	-3.513571862
87	1.207435283	6.719590337	13.99287837
88	10.68980812	18.92867698	7.515960996
89	3.596808671	0.713386988	6.217419842
90	9.9592841	9.001045584	8.864973677
91	6.706923914	16.36972088	11.84318056
92	-7.654721728	19.7273416	4.659406299
93	-0.769543604	0.829171521	7.958113449
94	5.363317943	12.04331582	-2.442537075
95	-0.894268655	1.122071172	7.895452941
96	-0.413229544	10.27944515	-10.89437187
97	-4.076422633	3.916078231	-9.708617905
98	6.181337832	14.41409527	-0.918760972
99	-9.338891372	20.7481946	0.800331873
100	3.223646022	8.944767439	-4.386173334
101	-5.197806343	1.30845392	6.828419986
102	0.844686727	5.490127814	-5.073094309
103	5.658021751	11.25916373	-1.694172636
104	11.71901788	12.61729116	5.773332006
105	10.31914819	7.73643318	-6.151071111
106	-6.5194853	7.581436758	-7.998863457
107	-8.032726427	2.210497206	3.981971427
108	2.740832502	13.38722546	6.950736086
109	-5.331932984	10.46709703	-8.996150037
110	5.177717993	20.59489395	-2.675867473
111	-1.430393866	6.516840936	7.979649119
112	10.17012148	1.091109735	-6.744787373
113	1.610326168	10.36115017	-4.884632606
114	-3.294115786	13.10864411	7.752127548
115	9.839289446	15.16653274	-6.95046469
116	11.21547349	3.87622209	6.491980005
117	-1.9825108	0.940213667	8.047702829
118	0.640386709	1.558670318	-4.772271544
119	3.155311477	14.20786973	6.582507184
120	4.694710918	5.974468823	-10.44026064
121	4.00647329	18.13701827	13.17142979
122	12.20795212	20.51933402	4.519543893
123	-3.144356713	10.41698839	-10.0877817
124	-8.978151482	6.188331566	1.937378742
125	-3.972006045	15.16315107	7.182746741
126	11.95464022	12.46590515	4.657869315
127	-7.275282518	3.797417416	5.263725386
128	3.99136407	3.855368316	-3.995284106
129	-5.330764494	2.388854483	6.712971806
130	-7.943986895	1.931832787	3.503263016
131	-6.020383704	5.863579035	5.983376209
132	6.056702536	17.39874902	-1.361737766
133	-9.110481663	14.17099708	-3.607627089
134	-8.496581119	3.68898674	3.06827
135	-9.450127014	6.085730221	-1.60807707
136	5.696372277	4.519634132	-1.976711657
137	8.906429568	3.961544773	-7.684301006
138	-6.596799958	9.165448051	-7.868460539
139	-5.744370111	1.433860566	6.481724509
140	5.337894567	9.04504329	12.80259843
141	11.80771436	1.64871893	-2.732944379
142	12.59120617	15.19593803	3.056370546
143	6.331544324	13.21026822	1.369289038
144	4.672016135	12.16183159	-10.43553027
145	-7.131859086	5.4575137	-7.607664763
146	5.589669268	2.759219907	4.210942691
147	5.730877915	19.75997494	-1.540128218
148	7.911954734	15.52290524	-8.731352305
149	-6.758884408	14.14430982	5.573725668
150	11.55515619	13.94264597	-3.960706327
151	-9.219929847	18.0164125	0.588891054
152	1.567773924	18.63443039	14.07535118
153	6.239194999	15.66932452	0.499399142
154	-8.992693686	12.52738411	1.753488197
155	-2.655481076	20.64978918	-10.41143941
156	1.633754169	2.44942465	-4.682189939
157	-9.531913304	4.508554856	0.16036502
158	-4.181415715	0.801375769	7.51976321
159	1.478285839	15.76818797	-11.10232445
160	1.177938558	4.419230424	7.525803141
161	12.32383681	8.874494926	3.159188773
162	5.729921643	9.860914208	3.488427954
163	10.35757557	13.30911275	-5.721189015
164	-9.089212192	1.151515413	0.997329009
165	1.704754495	17.4634467	-4.784330159
166	5.958018724	3.29197286	-1.012264317
167	10.99433474	17.10271066	7.147070526
168	0.849103693	5.654975028	-11.1537906
169	2.87269057	5.792782211	-4.352382751
170	11.83875021	8.489812257	-3.429902515
171	5.777474876	5.485084886	-1.526728597
172	2.801984001	3.190814203	-4.583706593
173	6.219577751	18.32481324	-0.280221939
174	4.281164191	11.96814641	-10.65765825
175	6.383934258	9.581750842	1.646447001
176	-5.040308756	16.43305159	-9.11931303
177	6.386486145	18.95294016	1.150270115
178	5.026059051	2.176377212	-2.978912831
179	11.37386752	18.78605997	-4.413459203
180	3.172911023	9.853435072	-4.264681928
181	1.938454169	4.525146397	-11.06555477
182	11.36364633	19.82752044	6.496118324
183	6.620147248	3.53153914	-9.59717848
184	12.18699088	0.67881873	-2.392734177
185	2.181870085	17.86421243	-4.591220942
186	5.343770567	18.51662203	4.485099615
187	-6.842639683	5.046423058	5.298050043
188	3.558677043	14.08290728	-4.04790745
189	0.008931689	16.25315325	-4.696079376
190	6.177139133	17.14591631	-9.754488554
191	-7.868643236	17.10274116	-6.370794275
192	9.276429058	12.25296933	-7.576605046
193	12.2437997	15.89841174	-1.594179145
194	-3.767390689	10.79549663	7.337283461
195	11.59394474	1.820768081	6.320575877
196	5.58860067	14.30180969	-1.939011316
197	0.771880528	9.593155034	-4.870472165
198	5.177548317	15.85798798	-10.21404442
199	12.45328849	5.740931623	3.223196583
200	-2.371501083	12.45469482	-10.33338802
201	6.946878099	15.55898183	-9.153626791
202	-9.405413617	4.464406507	0.140228939
203	6.257518778	-0.034790063	-9.762739739
204	5.782736477	6.279308492	-1.68669478
205	-5.856024985	0.149162939	-8.424023449
206	-8.543371289	0.694388661	3.03354259
207	9.927030038	14.44715981	8.531339845
208	9.342179713	17.1441315	-7.32319458
209	1.084283345	16.14917927	7.545160632
210	4.66387642	2.113095038	13.06643575
211	-0.347427653	12.17603503	-10.84289385
212	7.705242133	16.22603445	-8.871889377
213	0.712935834	12.88799027	-4.851415779
214	-1.39906989	0.723508448	7.963581014
215	-5.996270132	1.966965089	6.179510295
216	-5.516739875	1.764912044	6.396201781
217	11.58015973	20.1082296	5.890145758
218	11.81997255	14.71547214	4.936274593
219	4.266119512	12.95604089	5.755933559
220	1.919077481	18.59860001	-4.7333524
221	11.25898084	4.096288543	6.185834922
222	11.61359199	10.6134491	-4.068737488
223	-8.436133624	6.872528978	-5.247422659
224	2.236605199	19.10022167	13.91696052
225	11.22752067	0.991754023	-4.182717894
226	9.396818832	9.939400112	-7.359781823
227	3.798665265	11.72404407	-3.884666691
228	0.802150791	2.084064558	-4.821821844
229	9.940579125	13.23384248	-6.477494322
230	-3.975431843	15.97301858	7.309882935
231	-1.087614021	15.15360348	7.925878436
232	3.840935147	1.48152915	-4.022764828
233	1.596201039	3.664420995	7.411189007
234	6.551678472	-0.055423349	-9.579894156
235	-9.373957005	11.14316913	-0.18570205
236	2.28011081	21.02675696	7.292417284
237	-1.485344914	11.24511281	-10.69691459
238	8.57824549	11.76797975	10.12602903
239	-6.686390995	2.338704025	5.610986742
240	-9.398992217	0.11612323	-1.697946644
241	0.709171784	18.81815991	7.806821408
242	6.001622052	15.32953158	2.770121466
243	-8.369953692	19.98031815	3.612605775
244	2.42467705	10.73517575	7.2574392
245	10.83039616	6.725766154	8.1101487
246	5.261225693	19.94100784	-2.455993117
247	4.63731303	19.85024822	5.370019066
248	7.012763047	18.43264624	11.82317615
249	11.18749337	0.718257768	6.993418437
250	12.33543234	14.48932163	4.2725508
251	-6.888029231	6.892860669	5.447850361
252	6.011487217	14.6588354	3.069695582
253	-5.893788191	8.367846829	6.335132866
254	6.334930236	9.593832869	2.173665962
255	6.18528396	19.93036442	2.566420507
256	-9.584714669	14.82607328	-1.543212164
257	2.105257093	18.24323375	-4.76388456
258	5.855328965	20.65651222	-10.00175938
259	3.81579104	9.29682247	6.373090139
260	-0.82456385	9.820049921	-10.95455356
261	12.24640305	11.63522422	-2.030694508
262	-5.196960428	9.256811119	-9.225217321
263	5.962012097	9.182046592	-10.08528195
264	-1.935381913	16.81047531	-10.70113306
265	6.229625699	18.19033077	-0.80928681
266	-4.905769255	12.40435493	-9.542285246
267	7.946001251	17.49218175	-8.581427789
268	12.53302783	0.796915136	-0.259849788
269	12.13030862	0.55678064	4.783553478
270	1.572006462	9.772902856	7.439816751
271	-5.706118959	9.1998776	6.470834313
272	12.18075568	6.705728733	-2.370856337
273	-8.152716787	18.94309001	4.268036073
274	6.350557985	20.37439101	1.954270352
275	1.398547497	9.230635781	-10.92976076
276	5.476341595	9.790234663	4.032199768
277	6.294790638	7.875237171	2.345052399
278	2.648246326	14.88373492	-4.585998842
279	0.881715492	8.00256812	-5.040427882
280	4.333113176	11.05419908	13.00855917
281	11.95650315	19.86510207	4.963442942
282	7.594928263	5.02012756	11.39970048
283	-9.088531183	20.71140879	1.527589921
284	2.700742926	13.49386179	-4.43847044
285	6.358477914	12.04727488	1.185179198
286	-9.317375707	1.061505306	0.411921339
287	6.006821868	16.66426795	-0.735004979
288	-9.242219259	19.28310137	-2.123550038
289	3.262889902	0.310219649	6.489169814
290	4.198649817	3.270386755	-3.70185329
291	4.471736276	7.308096162	5.807149819
292	-1.548987042	7.894637742	7.804431964
293	5.617931154	2.753490603	-1.833318259
294	2.923580827	14.91572079	-10.8567861
295	6.508654204	19.90350996	0.933757152
296	-6.620466792	5.95313232	-7.771834319
297	2.512416122	18.05109283	-4.543223637
298	3.484818748	6.357282525	6.395128605
299	11.90451094	19.87265425	-3.577031604
300	5.798547705	18.27745022	-9.771307596
301	11.66886578	13.35152956	5.655070658
302	12.5663659	9.084297591	0.101520515
303	-4.713968869	11.03991555	6.98501363
304	6.217754472	12.47455007	0.134988491
305	3.480568677	3.734852986	-4.214717871
306	2.601255846	5.208363652	7.131492573
307	12.2868343	16.40413993	3.698469875
308	0.171980553	17.73322543	-4.910344358
309	11.72207375	13.58054505	5.764062431
310	-8.122727545	2.750702959	-5.887156266
311	-8.365621395	16.82294767	3.356821607
312	5.796812458	14.55253586	3.164222078
313	6.236323202	3.706744883	-9.796206104
314	4.10008744	8.259712529	-10.61661781
315	-8.04604784	5.894411578	-5.80441246
316	11.34884222	15.11739183	-4.368442289
317	9.084534033	8.723258359	-7.623157789
318	-9.500286862	0.121584205	0.065560974
319	-6.994780432	1.573403816	-7.367922987
320	12.37114829	8.848849093	-1.644503329
321	3.30899775	20.98851382	6.590931002
322	5.832103821	9.071361941	12.45616163
323	5.481850796	20.37045545	-2.244328047
324	11.860701	13.43780272	-3.092888108
325	8.059894584	19.1962926	10.69912507
326	-6.853889983	0.991121517	5.547211586
327	12.45932582	1.222319076	2.20895343
328	11.27228968	5.518183197	6.932964538
329	5.846708964	14.19782889	12.35903751
330	-9.313510417	12.4459136	0.439510223
331	-9.569069355	3.693203347	-0.133992153
332	-5.286432805	12.15855837	-8.963396432
333	5.563668357	2.723313359	-1.852215394
334	8.391517923	9.522296419	10.62767985
335	0.198166777	11.16334955	-11.13246138
336	5.125008229	8.482485455	4.702970924
337	6.404404675	10.49765299	-0.39718823
338	2.917926013	6.797786994	-11.01800041
339	5.712698156	7.739505026	-9.943133389
340	5.750584422	5.280341768	3.549993765
341	3.885688717	9.433768471	-3.724957275
342	12.68152987	5.433805242	-0.011027525
343	-2.495005141	10.3620141	7.725345946
344	5.772767512	7.32018716	-1.768658627
345	4.796085675	0.534700778	-3.251762022
346	-9.533194645	0.681721146	-1.267750337
347	5.1130633	1.9565962	-10.25766821
348	-4.591021421	7.115278175	-9.550735117
349	-8.235499401	17.54261214	3.970182014
350	11.3213018	4.789688661	-5.041243368
351	10.06507788	9.857111833	8.781420466
352	10.45369686	16.18323428	-5.861395359
353	-0.19841079	17.84524458	-10.87240036
354	4.334887544	0.366774113	6.008861296
355	8.12527173	19.31754582	10.78063385
356	12.44256281	1.911043648	2.865783505
357	9.125344273	16.57611036	9.762217148
358	3.022433677	11.25779867	-4.357271916
359	10.35912121	13.93912563	8.286839321
360	1.179188942	11.0530723	-4.657030564
361	-1.257280911	18.65361579	7.93607566
362	8.47020361	15.81934363	-8.199156993
363	-6.097656219	12.20604922	-8.610465082
364	-9.265996955	20.2946616	-3.332086954
365	4.383607015	17.44528553	5.423444912
366	9.77116517	4.512159423	-6.812465765
367	0.067230173	19.29903883	-4.690756881
368	10.20322724	20.04027485	8.442006365
369	0.54601912	12.63086411	7.747623168
370	4.61664459	11.38525078	-10.53250877
371	3.877868673	3.889371637	-4.112425791
372	0.266540722	1.437462547	-10.95101451
373	11.76409536	1.130315702	-2.787011072
374	-4.768737045	11.09682446	6.998062472
375	8.997842926	10.61099274	10.01130005
376	-6.313912383	18.09937885	-8.323185027
377	-9.084466503	9.743527326	-3.337324379
378	11.70391994	14.01780201	-3.622671768
379	6.402319614	16.35045808	1.794134653
380	-3.58837249	11.29534556	-9.958466755
381	5.820474959	15.05550422	-1.779239721
382	3.463220394	1.569864508	-4.082234027
383	4.751079459	9.825109484	-3.077552665
384	6.017199082	3.378199802	3.299814606
385	12.49297886	0.975603768	-0.04347778
386	-9.125501131	6.89344927	-3.645898845
387	12.61575265	17.97511892	1.900269607
388	8.574643868	18.42689698	-8.314665424
389	4.603753712	3.665574394	5.718283901
390	0.79821489	3.785573077	-4.876083632
391	11.59795711	13.45561318	5.672962807
392	3.608953417	4.982474435	13.42469332
393	-8.966867332	4.619095023	2.655976186
394	7.285535399	20.15833633	-9.147261437
395	2.725474705	12.45404346	-4.480715958
396	12.33824376	20.18842229	3.64941671
397	-9.63326401	7.133548065	-0.343441624
398	11.76573353	3.538988064	-3.272096876
399	-8.720182965	11.86949861	2.536647918
400	-3.935438639	12.45012275	-9.821099534
401	9.836579919	0.183734372	-6.915816694
402	-2.36895268	0.145897998	7.955317041
403	-2.163961338	19.77355449	7.79145195
404	1.597806149	19.63596249	7.509966345
405	1.77922029	3.455746856	-4.735598122
406	10.90683902	11.14317169	-5.430878158
407	-0.01582486	6.28470834	-10.94498926
408	0.709614916	1.573040245	7.727361872
409	-5.409434235	3.014118814	-8.869812137
410	5.018303455	0.967649494	4.94854761
411	-2.986964834	1.711635498	7.380555666
412	-4.234182529	0.772648211	7.19827101
413	12.54154048	16.2362264	0.873459704
414	1.467815281	15.27566557	-4.686230611
415	-6.573569756	4.749835957	-8.061596147
416	10.16683481	13.20299656	-6.646551358
417	5.955480803	6.008662609	-1.254642179
418	1.488808998	2.753137218	7.547497993
419	4.776368694	12.73468728	12.978122
420	-9.481747602	16.62334265	-0.463318668
421	0.273644711	14.01367452	7.825471164
422	11.61996588	7.807058313	-3.689297405
423	5.151223523	1.948759693	4.655465333
424	-6.604739767	20.77796069	5.925098745
425	3.650032314	17.92662694	-4.000788269
426	-2.351950797	4.63886642	7.732908392
427	3.117550113	4.522571952	13.76947695
428	12.66615742	0.361814396	1.806628294
429	8.485548422	8.146337933	10.74543394
430	4.426268373	16.22968557	-10.47132308
431	5.755157242	12.48548011	3.974472037
432	2.60206682	1.689767831	13.69538222
433	2.269604102	3.692407631	-4.629563511
434	8.300619877	12.98592886	10.29066541
435	4.025806285	9.470497297	-10.79927903
436	-9.147232136	12.28665714	-3.0939044
437	-4.716057192	10.69919087	-9.491647509
438	-9.145210324	3.184603625	-3.538933912
439	7.722714019	3.421995685	11.09707977
440	3.265092447	11.06468037	-4.055483189
441	3.040632928	16.19173683	6.737274799
442	4.330126145	6.186240764	5.888774059
443	8.669635666	11.94243602	10.34505676
444	-9.342877721	15.47205414	-0.989944585
445	6.332624048	16.69616195	0.56929589
446	0.721344569	14.90343239	-11.29142475
447	0.665096863	3.287999668	7.870626951
448	6.43672211	2.745983806	0.588300365
449	-6.885343866	2.805051391	5.37516889
450	11.64748332	4.135683575	-3.358985987
451	10.26105474	4.266551371	8.577223923
452	4.144429035	12.01718299	-3.857483138
453	0.79461994	18.86117052	-10.91830725
454	12.16053057	11.43623424	3.888297917
455	3.872908106	9.487172277	-3.966206051
456	6.121446144	16.6716081	-0.786207213
457	-8.839175359	10.98953575	-3.972242658
458	-4.084835365	10.81946681	-9.750577017
459	-2.1976572	1.059169425	7.849977134
460	5.997020038	4.259421261	-0.640421565
461	5.27081846	8.283066951	4.772982635
462	11.3583286	1.278467375	6.353278325
463	-7.016460699	13.30970048	5.331560408
464	-7.098348522	14.05651759	5.136692465
465	2.913811213	7.473998841	-4.520693304
466	-1.307165052	13.33765532	7.827043069
467	-3.771363178	19.97183885	-10.05300312
468	6.06738184	6.814438166	-9.84538897
469	5.360457516	3.073102529	4.42100217
470	5.489703485	8.494685036	12.61508334
471	0.867425087	3.313449202	-4.834813673
472	6.293320272	13.18806774	1.12694868
473	-7.175886077	13.21576869	5.368349076
474	4.836995727	5.086399478	-10.28555954
475	2.908320479	3.165562795	-4.267265059
476	11.67289888	10.66649644	-3.569624135
477	5.931781596	3.116551648	3.816483484
478	-0.857049242	17.18239554	-10.77385252
479	9.847751063	17.95926513	-6.822891878
480	0.981821764	6.034293047	7.600736857
481	6.291732633	16.34126583	0.384067971
482	10.93381174	12.00249796	-5.154238901
483	4.650132361	10.25740513	12.7934501
484	11.87214229	20.77649779	5.467724674
485	-1.935391402	16.42370491	7.930061342
486	5.921594508	8.345852772	2.991991634
487	-1.772866945	1.511154028	7.781938166
488	-2.03712766	9.037542623	-10.61970121
489	2.902086141	17.10539663	6.987032921
490	5.209940408	10.46841139	-10.30381974
491	6.220338385	10.56768318	1.075277247
492	-8.367411795	19.71894302	-5.802273524
493	5.389147643	11.65932405	-2.528510877
494	3.80627681	0.350997645	6.177816377
495	4.923817122	6.200342817	-10.43312699
496	-8.296679606	1.542376239	-5.318316385
497	1.749883494	4.760506254	13.98681175
498	5.702938351	20.17874646	3.624833554
499	-0.837357835	7.083204222	7.979734716
500	-8.221971446	17.34800936	-5.859970643
501	5.300336341	6.428664595	-10.17369587
502	3.00401431	12.94465341	-10.8071455
503	5.376990622	4.101511692	-10.23756732
504	8.327295858	15.76167156	10.50221231
505	6.466585173	2.192974765	0.521439109
506	-9.557402747	1.512466916	-1.636992326
507	-9.188893243	10.5552354	0.542911867
508	0.753630249	4.656340015	-4.951376837
509	-1.63929785	19.8656591	-10.78235421
510	-0.68173164	12.35863763	-11.06698217
511	1.184157998	20.09742545	7.683399605
512	-9.373270906	4.493549897	-2.344357873
513	2.726241616	0.635700682	6.904867075
514	2.589163326	9.254728693	-4.692837153
515	0.968204001	18.84149501	-4.942752866
516	8.203691153	15.82968947	-8.664542498
517	-1.746898941	15.0518969	-10.74221832
518	-5.874886661	5.615404228	-8.592328705
519	12.237992	13.80595589	4.044109813
520	11.20573327	7.453905713	-4.957649132
521	1.974292274	10.11398037	-4.684386115
522	4.377979361	12.91620562	-3.510609625
523	1.837341174	9.18919377	-4.837595095
524	9.839267049	4.223832983	-6.813423489
525	6.286462917	6.384986822	2.31738496
526	2.968340649	11.55418538	-4.379974522
527	5.88030331	15.6774465	3.479617494
528	-8.335090081	9.150824066	3.623407953
529	-7.294500057	13.33716083	4.697992424
530	-1.763745693	9.998274884	7.743075829
531	-6.598676403	12.68991513	-7.924348763
532	-5.96786863	13.6590516	-8.382495311
533	-1.707709852	17.58746168	7.990841304
534	-9.462591408	17.85056087	-0.61302604
535	3.444111855	9.054253401	-4.13148145
536	-5.676557498	16.22986568	-8.696050571
537	12.64286538	19.54371653	1.757794604
538	-4.082733083	15.20144566	7.261414126
539	3.781853107	14.77600957	6.149641124
540	4.147171751	4.539691273	-3.838231729
541	-9.175106534	15.84441187	-3.845560007
542	0.179182005	1.055070649	-4.784454159
543	-0.71027909	15.37837567	-10.74078512
544	3.638479851	20.81711305	13.37786615
545	12.17956252	8.634571622	4.114267154
546	-4.595783443	21.01015932	-9.751052389
547	-9.339574905	0.046555486	-1.467845957
548	-9.397635355	16.08135282	0.189405913
549	4.557942001	7.651773286	5.400760793
550	11.59264902	1.981634971	6.219317669
551	2.753308358	13.25696853	-11.12872399
552	-2.087805516	10.36416151	-10.56683543
553	-8.853770933	11.27914757	2.473849764
554	6.198754757	11.2206301	-1.06651451
555	12.21810456	17.27366497	4.218554015
556	2.874054748	-0.018953828	6.839907555
557	-0.836829363	12.08461155	-10.81802965
558	-2.145531081	3.964192572	-10.78962804
559	3.193385297	6.137301646	-4.556859271
560	-5.333854379	7.611957165	6.711532753
561	-5.59212794	5.819932272	6.733133347
562	3.992347111	12.94239672	5.981707037
563	1.733324035	15.16597461	-11.10364573
564	0.111895327	6.271626353	7.759914851
565	4.856346	19.55144697	5.328963454
566	6.35053878	9.550686218	0.988675561
567	1.382269644	10.61212464	7.678400409
568	-1.033884901	10.61235368	7.934906234
569	9.809361624	5.021266579	-6.854688404
570	6.867563133	4.489102889	11.79451916
571	8.911646695	14.63478681	-7.723395643
572	6.267009223	11.15091939	-0.543618086
573	5.57626945	17.51498555	-9.976472086
574	1.706059733	8.165023539	-4.770637147
575	12.087403	7.001841485	-3.150252241
576	-7.029889166	11.48116166	5.128526581
577	2.54049197	18.10106638	7.205345302
578	-9.332473776	14.06565649	0.114301089
579	5.875843919	9.302807579	-9.86264487
580	-9.617517134	6.937365482	-1.54918707
581	0.481815089	11.39853794	-4.552139871
582	5.768284007	18.54033682	-1.490352629
583	3.755761472	16.40904969	6.373621276
584	-2.419087346	17.17959908	7.721284323
585	9.813360554	18.07740407	8.778169833
586	-4.955970936	16.0254051	-9.083025834
587	12.61370345	20.39652228	0.457752539
588	-4.007936664	1.400180509	7.366401148
589	-8.632448778	11.06487464	-4.9257617
590	6.290006921	9.792020939	1.107255485
591	-8.662245354	13.58140458	-5.285837447
592	-6.893723043	5.00096088	-7.724931767
593	5.286722876	4.512428522	-2.360922897
594	6.44428803	12.13376315	0.560106303
595	1.479994608	8.686604941	7.529800703
596	6.10002715	11.72818003	-0.598809506
597	12.53416332	20.31972379	1.569218088
598	0.15925992	8.247712048	-4.738733238
599	4.347614001	4.855145554	-3.424532439
600	6.295257237	1.117680536	0.174273698
;

param y_test :=
1	1
2	1
3	-1
4	1
5	-1
6	1
7	1
8	1
9	-1
10	1
11	1
12	1
13	1
14	-1
15	1
16	1
17	1
18	-1
19	1
20	-1
21	-1
22	1
23	1
24	-1
25	-1
26	1
27	1
28	1
29	-1
30	-1
31	1
32	-1
33	1
34	-1
35	-1
36	-1
37	1
38	1
39	1
40	1
41	-1
42	-1
43	1
44	-1
45	1
46	1
47	1
48	1
49	1
50	-1
51	-1
52	-1
53	1
54	-1
55	1
56	1
57	-1
58	1
59	-1
60	1
61	-1
62	-1
63	1
64	-1
65	1
66	1
67	-1
68	1
69	1
70	-1
71	-1
72	-1
73	1
74	-1
75	1
76	1
77	-1
78	1
79	1
80	1
81	-1
82	-1
83	-1
84	-1
85	-1
86	1
87	1
88	1
89	-1
90	1
91	1
92	-1
93	-1
94	-1
95	-1
96	1
97	1
98	-1
99	-1
100	-1
101	-1
102	-1
103	-1
104	1
105	1
106	1
107	-1
108	-1
109	1
110	-1
111	-1
112	1
113	-1
114	-1
115	1
116	1
117	-1
118	-1
119	-1
120	1
121	1
122	1
123	1
124	-1
125	-1
126	1
127	-1
128	-1
129	-1
130	-1
131	-1
132	-1
133	1
134	-1
135	1
136	-1
137	1
138	1
139	-1
140	1
141	1
142	1
143	-1
144	1
145	1
146	-1
147	-1
148	1
149	-1
150	1
151	-1
152	1
153	-1
154	-1
155	1
156	-1
157	-1
158	-1
159	1
160	-1
161	1
162	-1
163	1
164	-1
165	-1
166	-1
167	1
168	1
169	-1
170	1
171	-1
172	-1
173	-1
174	1
175	-1
176	1
177	-1
178	-1
179	1
180	-1
181	1
182	1
183	1
184	1
185	-1
186	-1
187	-1
188	-1
189	-1
190	1
191	1
192	1
193	1
194	-1
195	1
196	-1
197	-1
198	1
199	1
200	1
201	1
202	-1
203	1
204	-1
205	1
206	-1
207	1
208	1
209	-1
210	1
211	1
212	1
213	-1
214	-1
215	-1
216	-1
217	1
218	1
219	-1
220	-1
221	1
222	1
223	1
224	1
225	1
226	1
227	-1
228	-1
229	1
230	-1
231	-1
232	-1
233	-1
234	1
235	-1
236	-1
237	1
238	1
239	-1
240	1
241	-1
242	-1
243	-1
244	-1
245	1
246	-1
247	-1
248	1
249	1
250	1
251	-1
252	-1
253	-1
254	-1
255	-1
256	1
257	-1
258	1
259	-1
260	1
261	1
262	1
263	1
264	1
265	-1
266	1
267	1
268	1
269	1
270	-1
271	-1
272	1
273	-1
274	-1
275	1
276	-1
277	-1
278	-1
279	-1
280	1
281	1
282	1
283	-1
284	-1
285	-1
286	-1
287	-1
288	1
289	-1
290	-1
291	-1
292	-1
293	-1
294	1
295	-1
296	1
297	-1
298	-1
299	1
300	1
301	1
302	1
303	-1
304	-1
305	-1
306	-1
307	1
308	-1
309	1
310	1
311	-1
312	-1
313	1
314	1
315	1
316	1
317	1
318	-1
319	1
320	1
321	-1
322	1
323	-1
324	1
325	1
326	-1
327	1
328	1
329	1
330	-1
331	-1
332	1
333	-1
334	1
335	1
336	-1
337	-1
338	1
339	1
340	-1
341	-1
342	1
343	-1
344	-1
345	-1
346	1
347	1
348	1
349	-1
350	1
351	1
352	1
353	1
354	-1
355	1
356	1
357	1
358	-1
359	1
360	-1
361	-1
362	1
363	1
364	1
365	-1
366	1
367	-1
368	1
369	-1
370	1
371	-1
372	1
373	1
374	-1
375	1
376	1
377	1
378	1
379	-1
380	1
381	-1
382	-1
383	-1
384	-1
385	1
386	1
387	1
388	1
389	-1
390	-1
391	1
392	1
393	-1
394	1
395	-1
396	1
397	-1
398	1
399	-1
400	1
401	1
402	-1
403	-1
404	-1
405	-1
406	1
407	1
408	-1
409	1
410	-1
411	-1
412	-1
413	1
414	-1
415	1
416	1
417	-1
418	-1
419	1
420	-1
421	-1
422	1
423	-1
424	-1
425	-1
426	-1
427	1
428	1
429	1
430	1
431	-1
432	1
433	-1
434	1
435	1
436	1
437	1
438	1
439	1
440	-1
441	-1
442	-1
443	1
444	1
445	-1
446	1
447	-1
448	-1
449	-1
450	1
451	1
452	-1
453	1
454	1
455	-1
456	-1
457	1
458	1
459	-1
460	-1
461	-1
462	1
463	-1
464	-1
465	-1
466	-1
467	1
468	1
469	-1
470	1
471	-1
472	-1
473	-1
474	1
475	-1
476	1
477	-1
478	1
479	1
480	-1
481	-1
482	1
483	1
484	1
485	-1
486	-1
487	-1
488	1
489	-1
490	1
491	-1
492	1
493	-1
494	-1
495	1
496	1
497	1
498	-1
499	-1
500	1
501	1
502	1
503	1
504	1
505	-1
506	1
507	-1
508	-1
509	1
510	1
511	-1
512	1
513	-1
514	-1
515	-1
516	1
517	1
518	1
519	1
520	1
521	-1
522	-1
523	-1
524	1
525	-1
526	-1
527	-1
528	-1
529	-1
530	-1
531	1
532	1
533	-1
534	1
535	-1
536	1
537	1
538	-1
539	-1
540	-1
541	1
542	-1
543	1
544	1
545	1
546	1
547	1
548	-1
549	-1
550	1
551	1
552	1
553	-1
554	-1
555	1
556	-1
557	1
558	1
559	-1
560	-1
561	-1
562	-1
563	1
564	-1
565	-1
566	-1
567	-1
568	-1
569	1
570	1
571	1
572	-1
573	1
574	-1
575	1
576	-1
577	-1
578	-1
579	1
580	1
581	-1
582	-1
583	-1
584	-1
585	1
586	1
587	1
588	-1
589	1
590	-1
591	1
592	1
593	-1
594	-1
595	-1
596	-1
597	1
598	-1
599	-1
600	-1
;